1 -1 -1.04787 0.1584834 -0.7916385 -1.199512 -0.5078544 0.983902 -2.40449 -1
1 -1 -1.101756 -1.78686 -0.2235575 0.272932 -1.387448 0.09718045 -4.129509 -1
1 -1 -0.5327421 0.3450871 0.6398594 0.3364467 -0.6295339 0.287837 0.4469542 -1
1 -1 -1.466125 -0.1997255 -0.3600202 0.9728004 1.189385 0.643386 0.7797003 -1
1 -1 0.3167506 0.3041641 0.8864746 1.111056 1.415634 1.78417 5.818249 -1
1 -1 1.389565 0.9082041 0.7625646 0.7986985 -0.878786 -0.9964814 1.983764 -1
1 -1 0.1304099 0.5155734 -0.1992172 1.810192 1.471707 0.8945382 4.623202 -1
1 -1 0.5018718 -0.9585238 -0.1299439 -1.752852 -0.4736159 -0.8408619 -3.653926 -1
1 -1 -0.3483737 -0.4421153 -1.377708 -2.60296 -2.615089 -1.023271 -8.409518 -1
1 -1 -0.1602922 -0.7396295 -0.4661635 -0.3153533 0.8574185 0.5506441 -0.2733759 -1
1 -1 1.08724 -0.08917505 0.8932876 0.2563993 0.6773254 -0.4091184 2.415958 -1
1 -1 2.034863 2.693617 2.522163 -0.588816 -0.6662582 0.4517132 6.447282 -1
1 -1 -0.5362864 -0.4691234 -0.6558768 -0.4970248 -0.3541957 0.3480529 -2.164454 -1
1 -1 -2.287616 -1.262736 -2.017578 1.995358 1.43381 -0.04442516 -2.183187 -1
1 -1 0.009195329 -0.0899315 -0.5208503 -0.1658038 1.437429 -0.6582987 0.01174028 -1
1 -1 0.8155913 1.183864 0.2675863 0.2425439 1.655785 0.2478101 4.41318 -1
1 -1 1.167723 -0.700774 1.325119 -0.226246 0.3944848 2.537237 4.497545 -1
1 -1 0.3820428 0.6061085 0.2485913 0.9705476 1.66426 0.7976749 4.669225 -1
1 -1 -0.7245307 1.801594 0.9759339 -1.874033 0.2443038 -1.390631 -0.9673626 -1
1 -1 -1.824242 -1.416554 -0.9397322 -0.8095427 -0.1475579 -0.8144781 -5.952107 -1
1 -1 0.7879488 0.6867136 -0.481114 -0.3880247 1.537572 -1.971781 0.1713142 -1
1 -1 0.7978434 0.02472271 -0.6258618 1.386437 0.9367564 0.9454463 3.465344 -1
1 -1 2.051523 0.8257001 0.7694317 1.385046 1.797773 1.418098 8.247571 -1
1 -1 -0.0212693 -1.006123 0.700076 -1.204013 -1.289214 -1.008553 -3.829096 -1
1 -1 0.2688161 0.479608 1.149199 -0.08776275 0.2108024 -1.205083 0.8155799 -1
1 -1 -0.9297493 -0.5263931 0.1126815 -0.9965265 -0.8901877 -1.551169 -4.781344 -1
1 -1 -1.638479 -1.967765 0.5411536 1.072772 1.316806 -0.04394091 -0.7194534 -1
1 -1 0.1458075 0.5846225 1.369545 0.09175769 -0.9121714 -1.020895 0.2586666 -1
1 -1 -1.139673 0.3397411 0.5257897 0.5083223 -0.1871611 -1.201694 -1.154675 -1
1 -1 0.5684131 0.4899861 -0.5602216 -0.9374938 -2.210958 -0.2109198 -2.861194 -1
1 -1 0.5955599 -0.3933125 0.5756067 -1.298115 0.4312161 -0.4881109 -0.5771551 -1
1 -1 0.07398445 1.106426 -0.03565249 -0.01545437 -0.7552316 -0.8236216 -0.4495491 -1
1 -1 0.9487363 -0.06794275 -0.958624 0.7817758 0.04820207 -0.6542439 0.09790358 -1
1 -1 0.8426998 0.7799882 0.4579147 1.234262 1.564076 -0.3367264 4.542214 -1
1 -1 0.9162615 1.066325 0.6868401 -0.5826917 -0.2390888 0.0140801 1.861726 -1
1 -1 -0.7826132 -0.4304897 -1.465371 -0.2358763 0.7372623 0.2132744 -1.963813 -1
1 -1 0.2472831 -0.05084372 -0.2686671 0.8560463 0.4935538 0.2303142 1.507687 -1
1 -1 1.384809 -0.3049097 0.1025506 0.261808 0.5621044 0.6438029 2.650165 -1
1 -1 0.7323307 0.4555203 -1.301142 -1.130353 -1.522985 -0.3466699 -3.113299 -1
1 -1 0.9316627 1.58587 0.637868 -0.09240473 -1.332334 -0.599566 1.131096 -1
1 -1 0.7230523 -0.6288988 -0.5183755 -0.5636107 0.7220543 0.5319163 0.2661379 -1
1 -1 -1.8007 0.9006793 -0.4857122 0.4350743 -0.2449961 -0.4722046 -1.667859 -1
1 -1 -0.9102403 -0.5106146 -0.1906103 -1.209788 -0.1411101 -0.4162883 -3.378652 -1
1 -1 -1.671993 -1.438958 -0.5506976 -1.300287 -1.678701 -1.504132 -8.144769 -1
1 -1 -0.8682751 -0.778749 -1.150183 2.110535 -0.4680839 0.9034104 -0.2513453 -1
1 -1 1.102346 1.34125 0.8210531 -0.5665522 -0.5536225 0.04099626 2.185471 -1
1 -1 -0.2521922 -1.211377 -0.8737632 1.057492 0.6571796 0.102174 -0.5204871 -1
1 -1 1.212544 0.954523 1.010987 -0.9830733 0.3549016 -0.2581466 2.291736 -1
1 -1 2.264166 0.8452112 3.070543 -0.442909 0.5630328 0.4501094 6.750153 -1
1 -1 1.679517 2.216858 0.09249766 1.802964 0.883218 0.5143642 7.18942 -1
1 -1 -1.0892 -0.06980995 0.2800698 0.454388 -0.3189622 0.6472406 -0.09627334 -1
1 -1 -1.255174 0.7309091 -0.5792322 1.075201 0.8125759 1.97827 2.76255 -1
1 -1 -0.03254917 0.6808409 -0.5144716 -0.8616016 0.4265245 -0.1013303 -0.4025873 -1
1 -1 -0.490621 -0.1479782 -0.9546942 -1.016446 -0.1410045 -0.7100233 -3.460767 -1
1 -1 0.6801893 1.247367 1.56578 -0.5283607 -0.3742046 0.04314623 2.633917 -1
1 -1 0.2735252 -1.130872 -0.07802789 0.3255405 -0.6468474 0.6102651 -0.6464167 -1
1 -1 1.196592 1.593878 0.7966454 1.535925 -0.1108928 0.214445 5.226593 -1
1 -1 -0.9477708 -0.4371734 -1.056805 -1.123581 0.7082488 -1.374049 -4.231131 -1
1 -1 -0.8956455 -0.7580077 0.733241 -0.5046816 -1.815034 -0.7387895 -3.978917 -1
1 -1 -1.3436 -1.862921 -0.9234582 -0.5005078 -1.000249 -1.370558 -7.001295 -1
1 -1 -0.2440678 0.8699577 0.1879217 -2.247568 -0.1406524 -0.1381446 -1.712554 -1
1 -1 -1.358247 -0.8402755 -0.6138187 0.01522988 1.479365 -1.68826 -3.006006 -1
1 -1 -0.046242 -1.660052 -2.168445 -0.6035752 -0.579581 -0.1361911 -5.194086 -1
1 -1 0.9895106 -0.6859227 0.6141467 0.4029859 0.3104564 -0.1779953 1.453182 -1
1 -1 1.554738 -1.431647 0.4261066 -0.7167632 -1.644841 -2.806549 -4.618955 -1
1 -1 -1.038905 -0.3827542 -0.2232273 -1.793935 0.2395375 0.971191 -2.228092 -1
1 -1 -0.6533667 1.821922 0.2439564 0.2617178 0.4711872 0.7090655 2.854482 -1
1 -1 0.03067739 0.7636596 0.1880655 -0.2221966 1.161957 -1.375605 0.5465577 -1
1 -1 0.2102772 -0.7996085 0.7974428 1.073273 0.6429104 -0.1696202 1.754675 -1
1 -1 -1.324201 -1.690395 -1.391447 -1.155284 1.735219 0.3286197 -3.497488 -1
1 -1 -1.173087 -0.9154658 0.1166506 0.3031551 -0.5690202 -1.308265 -3.546032 -1
1 -1 0.8765537 -1.171868 -1.265206 0.7282332 0.04510689 -0.5155895 -1.30277 -1
1 -1 -0.5264554 -0.5633739 -0.8152656 -0.1336324 -0.7673349 0.2377759 -2.568286 -1
1 -1 0.1297372 0.7333034 0.68963 0.2885384 0.3229108 0.4339298 2.59805 -1
1 -1 -0.4310192 0.266063 -1.583415 1.255545 0.8470214 0.4961535 0.8503485 -1
1 -1 -0.479943 0.9808075 -0.7139748 0.384662 0.02052868 1.310606 1.502687 -1
1 -1 0.8255351 1.442661 1.126901 -0.4287095 -1.106186 -1.276311 0.5838907 -1
1 -1 -0.7490998 -0.1892945 -0.3803027 -0.7961631 -1.806655 -1.186189 -5.107704 -1
1 -1 1.311654 0.9434266 1.009083 0.8925318 0.09542474 -1.141901 3.110219 -1
1 -1 1.260707 0.01133619 -0.8228537 0.2354793 1.234653 1.310336 3.229658 -1
1 -1 1.432693 0.6975616 -0.8027595 0.614009 0.4729043 -0.4451346 1.969274 -1
1 -1 -2.453209 0.4533097 -0.2542573 1.045421 -0.07988077 1.311466 0.02284962 -1
1 -1 -0.7089581 1.382989 -1.293827 -1.002639 -0.4756785 -0.6559912 -2.754105 -1
1 -1 -0.1839524 0.136147 0.806794 -0.2729534 0.5555988 0.340203 1.381837 -1
1 -1 0.2404208 -0.1176685 -1.196054 0.2328819 -0.5804613 0.2784443 -1.142437 -1
1 -1 -1.345008 -0.8548929 -0.831471 -0.71311 0.1810316 0.1477344 -3.415716 -1
1 -1 -0.8438779 0.2902498 0.4285561 -0.2746773 -1.924483 -0.3150454 -2.639277 -1
1 -1 -0.5942097 -0.7863101 0.08218508 -0.4580482 -1.305204 -0.5688372 -3.630424 -1
1 -1 -1.229153 -0.2018747 0.1169847 -0.055231 -0.7552236 -0.9116639 -3.036161 -1
1 -1 -0.9019006 -0.5411455 0.06879239 -0.2848737 -0.7039122 -0.4899554 -2.852995 -1
1 -1 0.4595137 0.6575009 0.0895751 -2.219944 -1.682799 -1.75 -4.446153 -1
1 -1 1.472398 0.1607154 3.479095 1.43097 0.751108 1.632432 8.926719 -1
1 -1 0.2050144 0.4654423 -0.1875045 -2.816958 -1.495248 -0.8934411 -4.722695 -1
1 -1 -0.1535009 0.3813104 -0.7673785 1.196358 0.3483609 1.513258 2.518408 -1
1 -1 1.467882 0.6194587 0.4785067 -1.409811 -0.2354791 0.7389446 1.659501 -1
1 -1 -0.3503229 0.8028466 0.6299576 -0.2981464 -1.640815 -2.074238 -2.930718 -1
1 -1 -0.03286134 -0.1417502 -0.1765904 1.090216 1.555311 0.3295293 2.623853 -1
1 -1 2.063397 2.265085 2.273061 0.9335549 -1.361728 0.0518822 6.225252 -1
1 -1 -0.2863266 -0.7386875 0.09571048 -0.06633413 -0.1178117 -0.9398524 -2.053302 -1
1 -1 1.13083 0.3986899 2.091531 0.5330529 0.09559852 0.1360812 4.385783 -1
1 -1 0.6341639 -0.846911 0.08906114 0.1167206 0.15993 1.140958 1.293923 -1
1 -1 -0.2925605 -0.9686284 0.595415 -0.4040811 0.02061216 -0.3924736 -1.441716 -1
1 -1 0.5948701 -0.05120171 0.5733868 0.5292649 0.7782846 0.07246457 2.497069 -1
1 -1 -0.5613987 -1.277853 -0.364712 0.9582527 0.6006193 1.25516 0.6100675 -1
1 -1 -0.6421873 -2.390329 -1.769497 0.8126861 -1.121902 0.02159461 -5.089635 -1
1 -1 0.662848 -0.8799576 -0.7262252 -1.447041 -0.3098389 -1.632949 -4.333164 -1
1 -1 -1.223406 -1.3796 -0.2239089 -0.4482054 0.5746504 -0.7296412 -3.430111 -1
1 -1 0.3654465 -2.05453 -0.7756623 0.03257216 -0.7212044 0.005110948 -3.148267 -1
1 -1 -0.2063421 0.8965624 0.6301189 1.775511 1.211444 1.096416 5.40371 -1
1 -1 0.3840339 -1.118264 -0.06775701 -0.7103205 -0.008804412 0.1257325 -1.39538 -1
1 -1 0.4224054 -0.2064419 0.9959675 -0.2237749 -0.3383849 -1.407891 -0.7581194 -1
1 -1 -0.06651707 -0.4172646 0.1573613 1.429628 0.01052184 2.043285 3.157014 -1
1 -1 -0.8568707 0.2678539 1.42136 -0.06452612 0.3741419 0.8643538 2.006313 -1
1 -1 0.7665289 2.18844 2.073744 1.261106 1.3726 1.25724 8.919659 -1
1 -1 0.8885851 -0.1745462 1.390017 -0.1366601 -2.02318 -0.5578375 -0.6136217 -1
1 -1 -0.2169413 -1.426128 -0.6178634 0.3215371 -0.1793019 1.339119 -0.779578 -1
1 -1 -0.7398517 -0.7288062 0.2517134 -0.9933421 -1.607284 -1.203351 -5.020922 -1
1 -1 -0.2451717 -0.2320447 0.2011385 0.1410602 -0.5516524 -0.1151157 -0.8017857 -1
1 -1 -0.572365 -0.07261443 -0.3596529 -0.4567018 -0.06861357 0.8652655 -0.6646822 -1
1 -1 1.909707 1.857393 0.9095307 0.02184688 0.1379005 -0.2397359 4.596643 -1
1 -1 0.7171407 1.236261 -0.5223594 -0.3104922 -1.312969 -0.7695879 -0.9620068 -1
1 -1 -0.536229 -0.7735291 -0.2290903 0.1195778 0.3705175 -0.7669832 -1.815736 -1
1 -1 1.26219 0.605598 -0.6336131 -0.0957534 -1.101492 -0.170627 -0.1336976 -1
1 -1 -1.00542 -0.6998892 -0.2502465 -0.4294701 1.560177 2.092414 1.267566 -1
1 -1 -0.4954699 -0.3968449 -1.417906 0.05190927 -1.311186 -0.8296867 -4.399184 -1
1 -1 -1.242704 -2.0294 -0.5033847 -0.8516457 -0.8821536 0.2745314 -5.234757 -1
1 -1 -0.2437244 -1.266685 -0.3974911 0.2703796 -0.5184456 1.456109 -0.6998577 -1
1 -1 -0.109038 -0.3150768 -0.618532 0.1119656 -1.14385 -1.081782 -3.156313 -1
1 -1 1.753555 0.6664836 1.193417 -1.394343 1.003846 0.6272603 3.85022 -1
1 -1 0.05529894 -0.009588066 1.811837 -1.708651 -0.7834732 -1.458789 -2.093366 -1
1 -1 0.7104154 0.4879594 -0.7269318 -0.6519543 -0.8350208 -0.1916758 -1.207208 -1
1 -1 -0.7773014 -0.0223079 0.3331821 2.267271 1.609773 2.146517 5.557133 -1
1 -1 1.880062 1.540725 0.3658411 -0.4759721 -0.07957887 1.086878 4.317957 -1
1 -1 -1.400174 0.4977841 -0.4685447 -1.683972 -1.226212 -0.8806371 -5.161756 -1
1 -1 -2.065086 -1.970508 -1.362981 -2.106359 -1.69161 -2.553157 -11.7497 -1
1 -1 -0.7635812 -0.9565408 -1.050396 -0.5167318 -0.1798697 -0.144411 -3.61153 -1
1 -1 1.289453 0.6757052 0.1612089 1.061085 -0.8594078 -0.6528436 1.6752 -1
1 -1 -0.4006941 0.1181761 0.1590491 0.7939415 0.9358447 0.9329169 2.539234 -1
1 -1 -1.772236 -0.2784084 -2.720192 -0.7545732 -1.221076 -0.2001034 -6.946589 -1
1 -1 0.4235228 1.03495 0.7197728 -0.3162055 0.2421456 -1.141315 0.9628707 -1
1 -1 0.7530469 0.1589064 0.6535702 -0.2216187 1.932831 0.7214499 3.998186 -1
1 -1 1.019268 2.075121 2.305062 0.05417652 0.1928355 0.6404707 6.286934 -1
1 -1 0.478162 0.7390611 0.2758421 -1.031676 -0.404998 -0.2669632 -0.2105725 -1
1 -1 -0.8297061 0.5401429 0.2090674 -0.1564552 -0.4292747 -0.5199762 -1.186202 -1
1 -1 -0.2026269 -0.3484381 -0.9869675 -3.067838 -2.591616 -2.359212 -9.556699 -1
1 -1 -0.8908192 -0.5122887 -0.4625836 -0.4809779 -0.8350229 -0.7461015 -3.927794 -1
1 -1 0.1361081 0.5725882 -0.5452809 0.4263056 0.1700913 -0.8748706 -0.1150583 -1
1 -1 1.108171 0.3653133 -0.3544369 -0.5271891 -0.2963857 -0.1558307 0.1396418 -1
1 -1 0.162466 -1.352494 -2.524944 0.3062643 0.3276999 0.04014917 -3.040859 -1
1 -1 -0.733937 0.2254876 -0.6144411 0.3920993 -0.1819281 1.161793 0.2490741 -1
1 0 0.6715002 0.1736387 -0.1271849 -1.105099 -0.6790193 0.106037 -0.9601272 0
1 0 -0.6880416 0.4811093 0.1666024 -1.431382 0.4969752 -1.345406 -2.320143 0
1 0 0.999247 0.6746714 0.6440168 -1.915806 -0.2666455 -0.8250176 -0.6895339 0
1 0 0.3262462 0.534963 0.4212102 -0.04271159 0.4212138 -0.1206932 1.540229 0
1 0 -0.713504 -0.4594505 0.5142775 -1.730154 -2.241773 -1.291076 -5.921679 0
1 0 -0.4299319 -1.636817 -1.896917 0.06097137 -1.275612 -0.1396535 -5.317961 0
1 0 0.4604025 0.04661194 0.2868826 0.3206646 1.721823 -0.1089147 2.72747 0
1 0 0.2143135 -0.1580045 -0.7566603 0.507131 1.031587 1.419861 2.258228 0
1 0 -0.2013623 0.5478596 -0.1622147 -0.188385 -0.5186789 -1.401528 -1.924309 0
1 0 0.4097857 1.423597 0.7382875 1.858308 1.729661 -0.008559376 6.15108 0
1 0 -0.5033877 -0.4930461 -0.43589 -1.18369 -0.03053873 -0.7762143 -3.422767 0
1 0 -0.9705458 -1.29841 -0.8962086 -0.8943309 0.3666428 -0.7036217 -4.396474 0
1 0 0.09039897 -0.2426148 0.7112616 1.125469 -0.9058447 0.3350787 1.113749 0
1 0 -0.0319344 -0.4976105 -0.6719899 -0.4516221 -0.9640759 0.2436963 -2.373536 0
1 0 -1.891224 -2.103796 -2.707415 0.4360208 -0.134303 -0.2983999 -6.699117 0
1 0 -0.8712182 0.5135744 0.4213189 0.4763681 -0.8080078 -1.587725 -1.85569 0
1 0 -0.8499893 -0.09918901 -0.2973733 -0.9149915 -0.8726631 -1.753399 -4.787605 0
1 0 1.637484 -1.070008 0.9778986 0.5699273 -0.9889708 0.1714344 1.297766 0
1 0 -0.03019898 0.100258 -2.308212 -0.1045619 -0.6892756 -0.3304082 -3.362399 0
1 0 -0.5704537 0.9105314 -0.5215505 2.125719 0.7418216 0.42404 3.110108 0
1 0 -0.5103432 -0.1657942 0.4922992 0.2119947 -0.6795617 0.6844701 0.03306483 0
1 0 0.7319726 0.7234591 1.284427 0.7747265 1.323372 -1.220807 3.61715 0
1 0 0.1802913 0.2514385 0.4999165 -0.8320069 -0.1560342 -1.45633 -1.512724 0
1 0 -0.1146283 0.1287552 -0.06672819 -0.8684524 -0.7662774 -0.6906787 -2.37801 0
1 0 1.268469 -0.8650681 -0.4061498 -0.9812379 -0.7716588 0.7736501 -0.9819951 0
1 0 -1.25569 -1.375761 -1.445604 -1.014683 -1.108041 0.5337914 -5.665988 0
1 0 0.1249928 0.939736 1.067616 1.611983 -0.2528703 0.254259 3.745717 0
1 0 -0.2494661 0.3046578 -2.076699 0.4612438 0.2102924 -0.2349941 -1.584965 0
1 0 -1.520579 -1.218325 -0.4680899 0.04710001 -1.905185 -1.026373 -6.091451 0
1 0 0.01049359 -0.5290368 -0.6200269 -0.9557695 -1.922055 -1.025897 -5.042292 0
1 0 -1.126383 0.6802504 0.1373836 -1.920733 -1.85329 -1.707176 -5.789949 0
1 0 0.9309708 0.8828687 1.15423 0.2836181 1.520731 1.637087 6.409505 0
1 0 -1.071022 -1.529647 -2.013029 -0.9120087 -1.320824 -0.5303446 -7.376874 0
1 0 0.1389046 1.009828 1.540091 0.3241298 1.414265 2.038525 6.465742 0
1 0 -0.4915481 -0.582029 0.5320114 -0.7518421 0.6425349 0.3839839 -0.2668889 0
1 0 -1.570797 -2.061611 -1.736293 1.966501 0.03045908 2.11861 -1.253131 0
1 0 0.2219925 -1.891329 0.9886234 -0.9660943 -0.4778024 -0.1028627 -2.227473 0
1 0 -1.523711 -0.1949468 -0.2008581 -1.165006 0.6821556 0.1651256 -2.23724 0
1 0 0.4143545 -0.4685031 -1.173805 0.2061494 0.6279161 0.8600345 0.4661467 0
1 0 -0.5902811 -1.241752 -0.7522519 -0.3752896 1.244438 0.04315434 -1.671982 0
1 0 1.255596 0.09182455 0.8780631 1.649917 0.0564002 0.7957046 4.727505 0
1 0 -0.2067547 0.7992004 0.06206824 0.1844431 0.9341627 1.995695 3.768815 0
1 0 2.097478 2.745464 0.7281331 0.3921764 -0.5834658 0.3098475 5.689634 0
1 0 1.4871 2.43982 1.58093 0.488466 1.243759 0.1815262 7.421601 0
1 0 1.091237 -0.2702958 0.2395408 0.2479103 0.6630158 -0.03389972 1.937509 0
1 0 0.9026542 0.5670278 0.8092512 -1.120851 -0.395225 1.496869 2.259726 0
1 0 0.6599353 1.76827 1.762656 0.6844877 1.010107 1.95648 7.841936 0
1 0 0.1842558 -0.5498699 2.237739 1.208416 -0.4218138 0.5626781 3.221405 0
1 0 -0.4907483 0.4310325 -1.003954 0.7088783 -0.2525294 0.9246806 0.3173597 0
1 0 0.5082057 -0.8265953 -0.6435801 1.484329 0.324022 -0.8452503 0.001131343 0
1 0 -1.106791 -0.1534629 -2.385615 0.4135963 0.1956062 0.07032075 -2.966346 0
1 0 1.51235 0.9521003 1.247992 -1.482602 0.714557 -0.09895419 2.845443 0
1 0 1.284726 -0.2550046 0.388792 -0.8988063 -0.7748444 -0.7723296 -1.027467 0
1 0 1.090589 0.03016368 0.3892883 0.3062161 0.7880184 -0.4540364 2.150239 0
1 0 -1.365095 -0.5740809 -0.3219978 -1.188628 -0.6598959 -1.905742 -6.015439 0
1 0 1.026091 2.278638 0.9469179 1.114805 2.242023 0.6378433 8.246318 0
1 0 0.2103746 -0.1449925 1.576326 -0.7953033 -0.01594129 -0.537404 0.2930593 0
1 0 1.586657 1.17822 0.9090083 1.372736 0.1503692 0.4818208 5.678812 0
1 0 2.041539 1.807477 0.9472813 -1.580983 -2.390271 -1.733069 -0.9080275 0
1 0 0.8499434 0.2786439 -0.2897425 1.537652 0.9501804 -0.04356049 3.283116 0
1 0 0.7749633 0.7784147 0.8473527 0.04007991 -0.3220705 0.1805981 2.299338 0
1 0 0.289012 -0.4817572 0.5362879 -2.531593 -1.432021 -0.5529006 -4.172972 0
1 0 -1.809481 0.85776 -2.534638 0.1366823 0.8581769 1.286294 -1.205206 0
1 0 1.826558 0.005883665 2.117859 -1.487955 -1.321521 0.05170904 1.192534 0
1 0 0.07301735 -0.5712455 -0.3997436 -0.03313999 0.6481639 0.1059331 -0.1770148 0
1 0 0.292503 1.737001 1.382857 -2.15638 -0.5325742 -1.375801 -0.6523951 0
1 0 -0.4078039 -0.1246365 -0.1855947 -1.11096 -0.1601502 -1.674776 -3.663921 0
1 0 0.7079521 1.445563 1.045341 0.1797401 1.082573 -0.6023658 3.858803 0
1 0 -1.065897 -2.061748 -1.013667 -1.41708 0.07753592 0.2225525 -5.258303 0
1 0 1.310531 1.239809 0.08494227 0.3412661 1.908545 0.7280166 5.61311 0
1 0 -0.6038875 -0.8571556 -0.0837458 0.439703 -0.1075557 -0.3828396 -1.595481 0
1 0 -0.2390379 -2.205245 -3.017179 -0.1003921 1.541884 0.6829723 -3.336998 0
1 0 -0.5477897 -0.09958417 0.3712887 1.478987 0.7332644 2.093593 4.029759 0
1 0 1.624921 2.449243 0.005991857 -0.4946204 -0.928526 -0.1623273 2.494683 0
1 0 0.2659928 -0.4973508 -0.6421648 -0.234286 0.7590804 0.4555816 0.1068531 0
1 0 1.001543 0.2428158 -0.0288774 -0.1484903 -0.8727416 -0.6717254 -0.4774756 0
1 0 -1.227737 0.3684153 -1.487326 -1.318854 0.2183465 0.8818019 -2.565354 0
1 0 -0.372752 -0.9607303 -0.3244665 0.2650155 2.229166 0.1673861 1.003619 0
1 0 1.059776 0.4407822 1.46459 1.872498 0.6401499 0.4132084 5.891005 0
1 0 0.6360021 0.09726606 0.5745157 -0.7226931 -1.958915 -0.5263758 -1.9002 0
1 0 0.8696288 0.8872199 0.3696369 -0.110207 0.3866265 0.2771685 2.680074 0
1 0 -0.3775671 -0.1238676 0.3593821 0.1942744 -0.4927467 -2.208044 -2.648569 0
1 0 0.4580132 -0.7206959 -0.6308391 1.170447 0.7591783 0.1914837 1.227587 0
1 0 -0.9501018 -0.4749496 1.778169 -0.6041616 -0.5049766 0.319892 -0.4361286 0
1 0 1.064288 1.222646 1.124442 1.835453 1.660108 0.9207167 7.827653 0
1 0 0.7069556 0.8133056 0.3973563 1.257509 -1.586006 -1.439031 0.1500895 0
1 0 0.04658103 0.6719918 -1.531798 1.432975 1.402545 1.425021 3.447316 0
1 0 -0.4011245 -0.7941978 -0.1206596 0.6371723 0.6851575 -0.3608933 -0.3545453 0
1 0 -0.718607 -1.543928 -1.267703 -0.6663474 0.2189192 -0.1094961 -4.087163 0
1 0 0.7959683 -0.9549138 0.6487529 -0.4920996 -0.1066862 0.117031 0.008052595 0
1 0 0.1119085 0.7232773 -0.4314259 0.4609902 0.1764742 -0.4312436 0.6099807 0
1 0 0.4116556 0.334719 -1.511656 -1.172069 -3.036221 -1.6631 -6.636671 0
1 0 0.6170825 -0.5076474 -0.5657163 -1.749664 -0.8322036 -1.187005 -4.225154 0
1 0 -0.07070628 0.1686243 0.7337649 -0.4014735 1.120981 -0.6101874 0.9410034 0
1 0 0.9624619 1.509731 1.672956 0.3913613 0.6535547 0.7130665 5.903132 0
1 0 -1.195893 -0.05803658 0.8374092 0.115756 0.6361559 1.44883 1.784221 0
1 0 -2.223985 -1.873324 -1.075343 -0.2227514 0.6281798 0.7362606 -4.030964 0
1 0 -0.3455931 -0.1769198 0.2179371 -0.4141701 0.9530277 -0.5048725 -0.2705906 0
1 0 0.478471 -1.306223 0.3377611 0.2793524 0.9426851 -0.1196488 0.6123978 0
1 0 1.593086 2.316197 1.544816 -0.106099 1.914126 2.000067 9.262192 0
1 0 0.02972428 2.812274 0.1422171 -0.05516409 -0.2167159 -1.272843 1.439492 0
1 0 0.5742836 -1.247863 -0.1707043 0.7128364 1.431309 1.542538 2.8424 0
1 0 -2.588652 -0.3686154 0.0813748 -0.3114588 -1.061134 0.2348608 -4.013625 0
1 0 1.416304 -0.362687 0.3691356 0.3607654 0.8367922 0.7057827 3.326093 0
1 0 0.03771883 0.6269661 0.09605635 -0.9820072 1.291727 -0.07405588 0.9964049 0
1 0 -0.3570777 -0.07662068 0.1804351 1.088932 0.4336835 0.5641449 1.833497 0
1 0 0.841382 1.145752 -1.567071 0.5582295 0.3087955 0.02266561 1.309754 0
1 0 0.4103334 -0.07949474 -0.09756826 1.154304 0.8250947 0.9837827 3.196452 0
1 0 1.31097 0.07582654 -1.028602 0.2703358 -0.7987834 1.112127 0.9418745 0
1 0 -0.2197152 -0.3907961 0.1411989 -0.2167643 -0.355001 -0.2887781 -1.329856 0
1 0 -0.2998542 -0.8925089 -0.7592334 -0.6914521 -0.1260295 -0.6874926 -3.456571 0
1 0 0.5855955 -2.2543 -1.074932 -2.222856 -1.853457 -2.223113 -9.043063 0
1 0 0.6432214 -0.2738068 -0.3371874 0.4763661 0.09295737 0.3133221 0.9148729 0
1 0 -1.122349 -0.3667682 0.3231836 -0.02005246 -0.3557672 1.331157 -0.210596 0
1 0 0.6824657 0.7054053 0.1743736 0.006833105 0.4465515 0.4754779 2.491107 0
1 0 1.126081 -0.4315685 1.597925 0.550826 0.2887591 0.9436502 4.075673 0
1 0 0.3114708 0.1805654 -0.5223863 -0.1149292 0.01628435 -1.322926 -1.451921 0
1 0 1.607794 -0.6144996 -0.244849 -0.02129741 -0.4498288 0.1371479 0.4144671 0
1 0 -0.3449845 -0.8851457 -0.3029477 -0.4396387 -0.02325024 1.38498 -0.6109865 0
1 0 -0.6248072 0.3768658 -0.111584 0.3011703 0.9966042 -0.3244422 0.6138069 0
1 0 -0.8177724 0.8600848 -1.103616 0.3114675 0.5337776 1.330075 1.114017 0
1 0 0.8010247 0.2264325 0.6179186 -0.3861097 -0.6547159 -0.06072441 0.5438259 0
1 0 -0.3366647 0.8404781 1.474492 -0.3797478 -0.9906711 -0.2443888 0.3634977 0
1 0 0.6598305 1.357663 1.684759 0.7538817 -0.7819958 -0.6801408 2.993998 0
1 0 -0.454936 -0.1760928 1.013672 0.495815 1.853131 0.2932691 3.024858 0
1 0 -0.6072233 -0.4770317 -1.131225 -0.244759 0.2895496 -1.279402 -3.450091 0
1 0 0.6712862 0.3273133 -0.2593195 -0.9972936 -0.5104876 -1.223158 -1.991659 0
1 0 0.6975161 0.7029928 0.3679334 1.130883 -0.3210802 -1.403778 1.174467 0
1 0 -1.503251 -1.369446 -2.155209 -1.163314 0.1953615 -0.2992464 -6.295105 0
1 0 -0.4635306 -0.6610611 -0.4853333 -0.4244823 -0.5620806 -0.3753681 -2.971856 0
1 0 0.982284 0.05283658 1.331625 1.131971 0.7251706 0.6465125 4.8704 0
1 0 1.352037 1.61976 0.5141906 0.2556372 0.4374991 -0.1447421 4.034382 0
1 0 0.2030166 -1.204358 -0.1714119 -0.03169337 0.7051959 -0.4291081 -0.9283592 0
1 0 0.5443852 0.110583 -0.2471756 -0.5055435 -1.433942 0.3903943 -1.141299 0
1 0 0.5472143 1.915848 1.160276 0.5906643 1.218287 1.526952 6.959241 0
1 0 0.837756 0.3979872 1.233103 -0.5912448 -0.4009954 1.099175 2.575781 0
1 0 0.209267 -0.01184893 -0.07628104 1.413867 0.5522026 0.4762389 2.563445 0
1 0 -1.528587 -1.75391 -0.6773235 -0.7625308 -0.1133673 -0.7329844 -5.568703 0
1 0 -0.5171607 0.6796871 -0.3660136 0.6947499 0.5573108 0.05395508 1.102528 0
1 0 0.06414807 -0.6319539 0.2540825 0.1197457 0.4893154 0.7677989 1.063137 0
1 0 1.41662 0.9349965 0.4574998 0.7314692 0.8654697 0.003545779 4.409601 0
1 0 -1.453148 -1.674872 -1.250454 -0.7368683 -2.154221 -1.745348 -9.014911 0
1 0 -1.619959 -0.9508918 -0.5569135 0.3533021 -0.163467 -0.5940735 -3.532002 0
1 0 -0.5273937 -0.6310445 -2.497362 -1.20896 -1.074017 -0.4382397 -6.377016 0
1 0 0.2258328 1.021108 1.462449 1.480381 0.4880324 0.6967673 5.374571 0
1 0 -0.5255408 1.150171 -0.3475188 0.3731169 -1.743561 -0.1609197 -1.254252 0
1 0 0.01336767 1.086591 0.5068796 0.7981534 -0.08505915 -0.3598127 1.96012 0
1 0 1.080449 -0.9237522 0.3472289 0.4380835 1.563753 1.537866 4.043628 0
1 0 -1.04202 1.712452 -0.3317335 -1.06031 -1.687731 -1.133368 -3.54271 0
1 0 -1.704359 -1.479999 -0.8455838 -0.3926805 -0.4673746 -0.09738412 -4.987381 0
1 0 -0.7384936 -0.7570796 -1.085301 1.477274 2.003818 1.497398 2.397615 0
1 0 -2.687758 -0.7048333 -1.26453 -1.70338 -1.226646 -2.260821 -9.847969 0
1 0 -0.8202764 -2.353339 0.3226682 -1.666734 -1.274216 -0.8943603 -6.686258 0
1 0 -1.564225 -1.583719 -2.121726 -0.217381 0.6818883 -0.5309394 -5.336101 0
1 0 0.9840382 1.149841 0.6693186 0.05524939 -1.219039 -1.041004 0.598404 0
1 0 -0.6281239 -0.2674622 -0.4703478 -1.089686 -0.01643899 -0.8732789 -3.345338 0
1 0 0.2848623 -0.5007856 0.3852553 0.2690028 -0.8349006 -0.6176858 -1.014252 0
1 0 -0.4937037 0.0939595 0.2241177 0.5152479 0.01170994 0.8933088 1.24464 0
1 0 -0.2179652 0.3679816 0.9777506 0.1319937 0.8132768 0.4833972 2.556435 0
1 0 -2.099938 -0.7377519 -0.8675923 1.760614 0.7076633 -0.3938304 -1.630836 0
1 0 -0.8371498 -1.333638 -0.148514 0.1607729 0.3997748 -0.8682221 -2.626976 0
1 0 0.6907877 -0.1545695 -0.491844 0.1691901 2.407873 -0.1555438 2.465894 0
1 0 -0.29849 -0.1824384 1.725535 -0.2551632 -0.1778724 -0.3636182 0.4479525 0
1 0 0.2869318 -0.4313999 1.269977 0.8048579 0.5181536 0.5417582 2.990279 0
1 0 0.05038355 0.6357958 0.6200133 -0.448318 -0.3028446 -1.357045 -0.8020147 0
1 0 1.386893 1.358577 0.297745 1.648314 2.180676 1.459065 8.331271 0
1 0 0.1663259 0.1798713 -0.4845085 -0.05627906 -0.2376467 -0.2088102 -0.6410473 0
1 0 -0.6976467 0.3347617 -0.33183 0.4964177 0.4616259 0.6273603 0.8906889 0
1 0 -0.5312552 0.7724684 0.5411601 -0.1201494 0.7609847 1.696304 3.119512 0
1 0 0.577385 0.3435296 0.9993762 -0.1279038 -1.186497 0.2042216 0.8101114 0
1 0 -0.2374095 1.012305 -0.06240701 -0.6352884 -2.238642 -0.8414674 -3.00291 0
1 0 -0.1521593 -1.659593 -1.188215 0.5808126 -0.04766603 0.1528214 -2.314 0
1 0 0.4814774 1.41982 0.0695161 1.255829 1.393111 0.140842 4.760595 0
1 0 0.5036978 -0.4351275 0.0498043 -1.411505 -0.9439991 -1.568509 -3.805638 0
1 0 -1.218862 0.4721064 -1.267111 -0.9662243 -0.1596677 0.9137357 -2.226023 0
1 0 0.5091395 0.7586141 1.869222 0.04181152 0.3103351 0.9288245 4.417947 0
1 0 0.7483674 -0.2424129 0.5115538 -0.2532164 1.095934 1.884137 3.744363 0
1 0 -1.329079 0.9736166 -1.11841 -0.1922108 -0.2419306 0.292492 -1.615522 0
1 0 -0.1959641 0.758492 0.2699085 -0.5072964 -0.187788 0.5635984 0.7009504 0
1 0 0.1685543 0.5925183 0.1662125 1.549269 1.477444 -0.6278406 3.326158 0
1 0 0.5920807 0.5104389 0.372669 -2.015649 -0.5966216 -0.9576674 -2.094749 0
1 0 -0.589032 -0.3130791 -0.7373199 0.4393805 0.9730665 0.5408987 0.3139148 0
1 0 0.3730908 0.1641453 -0.08607471 1.362114 -0.137087 1.792411 3.4686 0
1 0 -1.364878 0.7806342 1.137049 -0.1712063 -0.1243056 -0.3514411 -0.09414812 0
1 0 1.271621 0.9248534 -0.3802394 -1.986877 -0.7741616 -0.6578155 -1.602619 0
1 0 -0.05164599 0.5397878 0.9583755 0.7161681 0.09768037 -0.05714455 2.203221 0
1 0 0.8448738 -0.08963078 -0.5283994 0.1388721 -1.47235 -1.287327 -2.393961 0
1 0 0.8605553 -0.5273876 -1.005175 1.149393 0.05864266 0.4297968 0.9658243 0
1 0 -0.7752344 0.08648394 0.6760897 -0.09286404 -0.4173161 -0.3863154 -0.9091563 0
1 0 0.0955281 0.7873222 -0.551571 -2.519689 -2.596424 -0.009357049 -4.794191 0
1 0 2.474197 1.728959 -0.1189168 1.263925 1.53227 1.97562 8.856054 0
1 0 0.6766838 0.02668637 -0.1122824 -1.214554 -0.5751557 -0.3422145 -1.540836 0
1 0 0.5817166 -0.008810985 -0.08891342 -0.2743727 -0.6438771 -1.822217 -2.256475 0
1 0 1.383493 0.3622731 0.2648639 -0.5417033 -0.1776741 -1.04248 0.2487728 0
1 0 -0.2286781 -0.7354618 -1.04404 1.864685 0.2511297 1.17736 1.284995 0
1 0 0.6247996 0.8387013 1.00405 -0.6871944 -0.3725145 -0.2427698 1.165072 0
1 0 2.475847 1.401799 1.037673 0.04171756 0.01324847 0.3594131 5.329699 0
1 0 0.8966218 0.1219439 0.3409919 -1.723097 -0.9800702 -0.2851109 -1.62872 0
1 0 -2.513903 -0.7195782 -1.345878 -1.195853 0.2110191 -0.7343277 -6.298521 0
1 0 -1.333667 -0.5240859 -0.8791357 0.3826587 1.251628 0.9923745 -0.1102273 0
1 0 1.418257 0.9287919 1.042314 -1.225443 -1.630251 -1.280956 -0.747287 0
1 0 -0.5595014 -0.08774603 1.87883 -0.7527993 -1.315142 0.03974458 -0.7966146 0
1 0 -0.227365 -0.1698609 -1.13493 -1.468931 -0.1569382 0.6423143 -2.515711 0
1 0 -0.3528948 -0.3094061 1.050462 0.1171903 0.1430624 -0.4989637 0.1494497 0
1 0 1.607685 0.3287126 0.3080692 0.3974388 0.3868712 0.8392943 3.868071 0
1 0 -0.5200073 0.5962744 -0.3692669 -0.1888225 -1.193205 -0.5302906 -2.205318 0
1 0 -0.2096876 -0.7481463 -1.61109 -0.07192474 -0.8168169 -0.219293 -3.676959 0
1 0 -2.06907 0.1279109 -0.8981325 -0.6382029 -0.4622396 -1.293796 -5.23353 0
1 0 -1.673474 -0.7544877 -0.3749299 0.6920817 1.193809 2.280934 1.363932 0
1 0 0.02426144 -0.9518247 -0.8482197 -1.243336 -0.5439692 -1.077023 -4.64011 0
1 0 -1.438289 -0.1142881 0.1447073 -1.345583 -2.010543 0.4906228 -4.273373 0
1 0 0.4386276 -0.3289064 -0.06332728 -0.461181 -1.49696 -0.4459816 -2.357729 0
1 0 -1.445672 -0.3351012 -0.2283926 0.7521384 0.5704887 1.232594 0.5460547 0
1 0 -1.251941 -1.1168 -1.784318 -1.107675 -0.2522895 -0.980122 -6.493146 0
1 0 0.2983669 0.5713479 -0.3977466 0.5180037 -0.451198 0.1555711 0.694345 0
1 0 1.599499 0.2828859 1.534753 -1.378428 -1.435697 -0.8829058 -0.2798923 0
1 0 -0.8441672 -1.66366 -1.688362 0.4679264 -0.09392252 0.2169497 -3.605236 0
1 0 -0.2235282 -0.5880696 0.9514577 0.9563699 0.870803 0.08859889 2.055632 0
1 0 -0.9389289 -0.7338729 -0.5687637 -0.8436953 0.1355611 -1.900293 -4.849993 0
1 0 -0.03412459 1.38377 -0.3058037 2.537599 0.367181 0.2647422 4.213364 0
1 0 -0.8758699 1.233168 -0.5470471 1.152541 0.03492915 1.552104 2.549825 0
1 0 -0.1672927 -1.714862 -1.425834 0.9223471 -0.9626198 -0.5214923 -3.869754 0
1 0 0.3276192 1.5763 1.559849 -0.29544 0.4277883 0.1435946 3.739712 0
1 0 1.992346 1.796383 1.04064 0.8352087 0.2347385 0.5065318 6.405848 0
1 0 -0.5502298 -0.7610335 -0.7521411 0.977869 0.4033151 0.8742241 0.1920037 0
1 0 0.6755962 -0.9628025 0.908308 -1.385501 1.484862 -0.1926968 0.527766 0
1 0 0.03114141 -0.07547365 -0.407906 0.6970116 -0.0086299 -0.2918151 -0.05567162 0
1 0 -2.375347 -1.655318 -1.233605 0.1562764 -1.619933 -0.6421347 -7.370062 0
1 0 0.7871743 0.1402522 0.1775616 -0.9922164 -0.1428558 -0.8879729 -0.918057 0
1 0 -0.2593267 -1.416815 0.2877262 2.433405 0.02578677 -0.05566148 1.015115 0
1 0 -1.695482 -1.016008 -1.750384 0.2298244 -1.794648 -0.1686608 -6.195358 0
1 0 -0.06554993 -0.9134315 -0.9384441 1.259448 0.9982631 1.75223 2.092515 0
1 0 2.479152 0.4903195 0.3110884 0.6138404 1.045964 1.208811 6.149175 0
1 0 0.1406091 -1.256931 0.3155806 0.8074817 -0.1476234 1.433504 1.292621 0
1 0 -0.06526903 0.6158496 0.6654868 -0.2404143 -1.128556 -1.338718 -1.491622 0
1 0 1.285186 -0.9361648 -0.04466426 -0.7678122 -0.8267421 -1.659688 -2.949885 0
1 0 -1.339589 -1.267827 -0.02856256 -0.8128971 -0.6423459 1.072669 -3.018552 0
1 0 -0.100103 0.7607358 0.3017795 1.151308 -0.2267787 0.5895121 2.476453 0
1 0 -0.3123427 -1.013257 -1.332321 0.7105617 0.9981239 0.6873487 -0.2618866 0
1 0 0.6482804 1.807756 1.727298 0.6161307 0.7006529 -0.3412716 5.158847 0
1 0 1.442875 1.127837 2.423236 0.9013706 -0.06507066 0.7852643 6.615512 0
1 0 -0.5867246 -0.4031934 0.6761374 1.263226 0.7622151 0.451916 2.163577 0
1 0 0.5039776 -0.6946477 -0.9947682 -0.4469035 0.8164287 -0.6053155 -1.421229 0
1 0 -1.347549 -0.3612469 -0.6329739 0.1856572 0.2071525 0.3632802 -1.58568 0
1 0 0.7583512 0.2816897 -0.3907254 1.227278 0.2975222 1.390709 3.564825 0
1 0 -1.080243 -0.4270435 0.5589969 -0.2787428 0.6539743 0.04072009 -0.5323377 0
1 0 0.1722227 -1.089559 0.6871865 1.447599 0.8182749 0.2001654 2.235889 0
1 0 -0.6702103 -0.4615587 -0.372323 0.9129526 0.06940781 0.5830686 0.06133689 0
1 0 -0.9447632 -0.4177612 0.8705374 0.2441373 0.317322 -0.9270488 -0.8575764 0
1 0 1.125622 2.036118 1.484704 1.746873 1.527135 1.805341 9.725794 0
1 0 0.5940919 0.5041867 0.9086901 1.286398 0.5820803 0.9948035 4.87025 0
1 0 1.700663 2.165199 -0.1360254 0.6828066 1.578161 1.191006 7.18181 0
1 0 -0.430323 -0.5866924 -1.274999 -1.244003 0.347742 0.1695329 -3.018742 0
1 0 -0.525507 -0.5150304 -0.4601376 -0.7168812 0.1152809 0.1011405 -2.001135 0
1 0 -2.691198 -1.088833 -1.087821 0.1763642 -0.03219838 0.3327796 -4.390907 0
1 0 -1.198159 -1.195717 -0.7363691 0.5168827 0.5412167 1.053972 -1.018173 0
1 0 -0.07616994 0.4690437 -0.4246514 1.585064 2.012992 1.144061 4.710339 0
1 0 0.1552693 -0.1553111 -0.5674156 -0.9843028 -1.551656 -0.7465962 -3.850012 0
1 0 -0.9179684 1.68739 0.5831885 0.814818 0.9470905 1.282155 4.396674 0
1 0 -1.349136 0.3062057 -0.5123787 -0.2147582 -0.8935246 -1.505575 -4.169167 0
1 0 -1.193775 -0.6245891 -1.171907 -1.27676 -1.824106 -0.3385001 -6.429638 0
1 0 -0.6523958 1.376898 1.731901 0.4671468 0.06575789 1.982564 4.971871 0
1 0 2.273926 2.417994 2.085223 -1.0534 -1.721966 0.1642388 4.166016 0
1 0 -0.3715997 -1.963192 -1.932222 -1.512898 0.02003416 -0.3868272 -6.146705 0
1 0 0.3040644 -0.2390864 -0.2799167 -0.06141918 -0.9541789 1.283337 0.05279999 0
1 0 0.9969185 0.3299296 1.15595 -0.5690748 0.4107152 -0.6683112 1.656128 0
1 0 1.729383 1.517069 1.547959 -0.6492693 0.7427256 0.3937616 5.281629 0
1 0 1.510384 1.14335 1.710444 -0.9214048 -0.7757453 -1.652641 1.014386 0
1 0 -0.2884996 -0.08413579 0.5515204 -2.123453 -0.40376 -1.627491 -3.975819 0
1 0 1.588977 0.8668625 0.4100115 0.1404492 -0.5552834 0.1085261 2.559543 0
1 0 -1.012661 -0.8814002 0.6732362 0.2132565 1.393073 -0.8807806 -0.4952756 0
1 0 -1.014844 -0.442097 -0.3417428 0.4981317 -0.3848038 0.3188546 -1.366502 0
1 0 0.5604989 -1.720183 -0.6216426 2.170007 1.306643 0.6406801 2.336004 0
1 0 -0.1814714 -0.6732804 0.7649682 -0.3024793 1.826997 2.385567 3.820301 0
1 0 -0.05425585 -0.4815749 1.541386 0.3974936 -0.5220895 -0.3540846 0.5268752 0
1 0 -0.902479 -0.7184148 -1.257302 -1.763075 -1.186125 -2.392602 -8.219997 0
1 0 -1.991039 -0.7923545 -1.02951 -0.6932279 -0.273535 -1.044209 -5.823875 0
1 0 -0.6128622 -1.116527 -0.2361091 0.7846704 -0.5883441 -0.6510029 -2.420175 0
1 0 0.452033 0.7912716 0.7678022 0.6382694 1.338198 -0.6041962 3.383378 0
1 0 0.6159236 -0.1702943 -0.3368843 -1.215642 -0.1976943 -0.5621105 -1.866702 0
1 0 -1.040562 -2.115516 -0.1215258 0.8322771 0.8326223 0.1137518 -1.498952 0
1 0 -0.525403 0.6861932 0.6290905 -0.2686668 2.054095 2.213696 4.789005 0
1 0 1.804546 1.601891 1.746039 -0.2680652 0.1284449 0.05413001 5.066987 0
1 0 -0.3124512 -0.2864694 0.7708215 -0.04407338 0.8791929 -1.340461 -0.3334401 0
1 0 0.5536544 -0.7431095 -0.4818376 1.261435 1.307471 -0.4066689 1.490945 0
1 0 -0.1939117 0.05830226 -0.7720545 -2.271753 -0.5261632 -1.265552 -4.971132 0
1 0 -0.3008822 -1.212875 0.2628983 -0.7719356 -1.548184 -1.564761 -5.135739 0
1 0 -0.5633074 -0.3182614 1.078876 0.9414119 -0.1075285 -0.5746646 0.4565261 0
1 0 -0.2854716 0.6108203 -0.7139892 -1.697796 0.3812853 -2.383908 -4.089059 0
1 0 0.3906953 -0.5229236 0.634119 1.837607 -0.3044678 1.199995 3.235025 0
1 0 0.06572032 0.3487542 1.137759 1.177961 -0.1833493 2.294009 4.840854 0
1 0 -0.1801456 0.6897622 -0.8360304 0.04896614 -1.588334 -0.6230089 -2.488791 0
1 0 0.1247472 0.1845118 -0.1041372 -1.591621 -2.036613 -0.6157446 -4.038857 0
1 0 -0.9254366 -0.4168682 0.6928533 0.9649284 0.1427666 -1.065354 -0.6071109 0
1 0 1.126922 -1.166909 -0.1718487 2.589133 0.6746546 1.592574 4.644526 0
1 0 0.4645596 1.166704 -0.7105817 -0.01073769 -0.3888291 -1.390524 -0.8694084 0
1 0 1.407693 0.9871717 0.3036746 -0.4390357 -0.6550317 -0.5199876 1.084484 0
1 0 -0.814998 -0.4357516 -1.175468 0.06743824 -0.2823111 0.5497676 -2.091323 0
1 0 -0.5196593 -0.6360045 -0.2905313 0.2117614 -1.403618 0.6685921 -1.96946 0
1 0 -1.531047 -0.5660614 -1.975352 0.3587065 0.6512593 0.9029527 -2.159541 0
1 1 -0.6013627 0.7961353 1.043759 -0.7924557 1.512782 0.04627005 2.005128 1
1 1 1.145293 0.4901141 1.376847 -1.336813 -0.05255044 -0.7354599 0.8874301 1
1 1 -0.8002464 0.6805373 -0.130106 -1.347534 -1.664737 -2.859725 -6.121811 1
1 1 0.9548507 0.15255 2.164796 -0.1392694 -0.8632737 -1.079034 1.19062 1
1 1 1.062862 -0.6273979 -0.3367912 -0.8456165 -0.5882569 -2.307029 -3.642229 1
1 1 0.7731992 -1.051261 -0.5718372 -0.3279873 -1.196977 -0.5815653 -2.956428 1
1 1 0.03472444 -0.3143054 0.6009532 1.894624 3.126072 2.244173 7.586242 1
1 1 0.019128 1.13487 -0.4125301 1.191458 1.517202 0.03561833 3.485747 1
1 1 0.04955673 -0.3976107 -0.4500199 -0.9370728 -0.3329641 -1.275262 -3.343373 1
1 1 -1.219923 0.3787216 -1.514198 -1.016528 0.1389051 -0.3961641 -3.629187 1
1 1 -0.9546392 -1.25374 -1.230709 -0.6961995 -0.5081573 0.3811721 -4.262273 1
1 1 0.3128037 0.9799603 0.6461637 0.5217038 -0.847169 0.5544236 2.167886 1
1 1 1.285995 2.45265 1.976584 0.7489453 1.694384 -0.02405196 8.134508 1
1 1 -0.4881669 -0.2506722 -1.570464 -0.6597715 -1.071444 -0.7232078 -4.763726 1
1 1 -0.3635281 0.429497 -0.9691097 1.079688 0.3215816 0.1575036 0.6556323 1
1 1 -1.920923 -2.243597 -1.531658 -0.08147595 0.9111248 1.654363 -3.212166 1
1 1 0.2252344 -0.513109 0.1891867 -0.5228227 0.7149794 0.9489966 1.042465 1
1 1 -0.9696116 -0.08107692 -0.8793481 0.24373 0.5107198 0.4811297 -0.6944572 1
1 1 0.06142814 1.051132 0.3017655 1.136232 1.064303 1.599385 5.214245 1
1 1 0.2908412 0.02637528 0.9419147 0.9296244 -0.5136178 -0.2631522 1.411985 1
1 1 -1.571553 -1.046504 -0.7766571 -1.078095 -1.791227 -2.781705 -9.045741 1
1 1 -0.5182602 0.3802444 0.8354267 0.3928878 0.5423574 -0.740684 0.8919722 1
1 1 0.8164317 -0.3289244 -0.09411769 1.677735 1.09088 1.22778 4.389784 1
1 1 1.408673 0.1529451 0.9274783 -0.2092696 1.582191 0.05252209 3.914539 1
1 1 -0.0003811591 -1.103199 -1.120648 3.318547 1.218483 1.407185 3.719987 1
1 1 0.5988207 -0.8561173 0.2784542 0.3025004 -0.1113765 0.4768007 0.6890823 1
1 1 -0.2722924 1.568907 1.103134 1.173897 -0.7657451 -0.2443087 2.563592 1
1 1 0.03728546 0.8199714 -0.162452 0.6070596 0.3962334 1.146013 2.844111 1
1 1 0.3120585 0.2146245 0.1668474 0.229798 0.3397456 -0.0405766 1.222497 1
1 1 -0.9060204 0.3812627 0.1559703 -2.282971 -0.5566346 0.2633316 -2.945061 1
1 1 -1.053603 -0.361885 -0.3867659 -0.7074221 -0.9030678 -1.338112 -4.750856 1
1 1 0.7108381 -0.4328752 1.132579 -0.5862493 -0.9795478 -1.797675 -1.952931 1
1 1 -0.4136402 0.796183 0.6164043 -1.682178 -0.3877013 -0.8788392 -1.949771 1
1 1 0.4968331 0.9727439 0.9553761 -0.3811721 -1.106631 -0.8214367 0.1157133 1
1 1 0.1734845 -0.8460888 0.4192038 -0.7984578 -1.838743 -0.8425483 -3.733149 1
1 1 0.3360348 0.263157 -1.160585 1.605348 2.159954 0.7701893 3.974098 1
1 1 1.679197 1.285322 1.524666 0.07176759 -0.4413423 0.909534 5.029144 1
1 1 -1.317581 -1.179552 -1.393625 0.5596655 0.600157 0.7581595 -1.972776 1
1 1 2.147212 1.673268 1.405043 -1.086136 0.30021 -0.996088 3.443509 1
1 1 -0.09086473 -0.3803057 0.5052465 -1.683677 -0.5990098 -0.8762697 -3.124881 1
1 1 0.08337855 -0.001119778 0.2947568 -0.8861446 -2.147778 0.8855445 -1.771363 1
1 1 -0.4153758 0.6386055 0.01016004 0.03041498 -0.8651131 0.1220671 -0.4792412 1
1 1 -0.204009 -0.4388686 -1.411724 -1.141666 0.433969 -1.252968 -4.015267 1
1 1 0.962323 0.3405412 1.890736 -0.5132832 -0.01342709 -0.5716953 2.095195 1
1 1 -0.6081955 -1.189937 0.01941109 0.7191435 -0.1759031 0.2601432 -0.9753383 1
1 1 -0.02344512 -0.3384034 -0.3472555 0.9547631 0.9572119 -0.7928036 0.4100674 1
1 1 -1.531737 0.1265118 -1.435197 -0.49883 -1.057318 -0.6834241 -5.079994 1
1 1 -1.17275 -1.02543 0.5456015 1.622734 -0.1635703 -0.5091221 -0.7025372 1
1 1 -0.4934048 -1.44371 -1.319448 -0.6565336 -0.2985776 -1.209796 -5.42147 1
1 1 -1.828229 -2.410083 -3.190277 -0.7731544 -0.6111727 -0.6946372 -9.507553 1
1 1 -0.4435725 0.8543657 0.3145583 1.048064 0.4871086 0.03131527 2.291839 1
1 1 -0.8490499 0.7874725 0.1570006 -0.6308768 1.549697 0.6822241 1.696468 1
1 1 -1.081119 -1.781027 -0.4148931 0.7707581 -0.8972163 -0.9140998 -4.317597 1
1 1 0.2583578 -0.2029693 0.3326038 -0.191537 -0.869856 -0.3997768 -1.073177 1
1 1 -0.006840063 -0.8483946 -0.7850878 0.6968704 0.14032 0.5353877 -0.2677444 1
1 1 0.3990692 0.09141889 1.614298 -0.05605118 0.95193 1.055018 4.055683 1
1 1 -1.234185 -1.495801 -0.6655077 0.1659691 -0.1575932 0.6854008 -2.701718 1
1 1 -1.362571 -0.8459645 -1.791997 -1.055582 -0.9755979 -0.2721024 -6.303815 1
1 1 -0.4918471 -0.4865789 0.1818459 0.2438839 0.4920981 -0.07502966 -0.1356276 1
1 1 -0.565128 -0.6372865 0.2816127 -0.1916148 -0.1880125 -0.1997884 -1.500218 1
1 1 0.8509532 1.736699 1.41676 -0.3920314 -0.3246507 0.07534566 3.363076 1
1 1 2.67396 2.531625 1.021363 2.013735 0.0627666 1.809804 10.11325 1
1 1 0.7894015 1.54819 0.5106411 0.388685 1.944786 2.412778 7.594482 1
1 1 0.05308138 0.9573479 1.400733 1.549105 1.619347 1.413537 6.99315 1
1 1 -0.2675119 -0.4872492 -0.2325112 0.5268321 -1.835834 0.1514668 -2.144807 1
1 1 0.7242914 0.007862039 -0.5460706 0.6045006 -0.9165421 1.078621 0.9526626 1
1 1 -0.8462118 0.4626756 0.8427348 1.373338 0.6591824 3.547417 6.039136 1
1 1 0.4367124 -1.277961 0.8459158 0.5571017 0.9269267 0.8544785 2.343175 1
1 1 0.128237 -0.4753132 0.01181788 0.3979358 0.02251398 0.4602731 0.5454645 1
1 1 -0.006358618 -0.7329052 -0.791803 -0.7661431 1.263935 0.977646 -0.0556286 1
1 1 1.677243 0.365813 1.187956 0.9611211 1.294902 0.5207917 6.007827 1
1 1 0.4801508 0.6803889 0.6845592 -0.6024159 -1.60513 -0.6236043 -0.986051 1
1 1 -0.07994613 -0.1013871 0.7662544 -2.22822 -0.424767 -0.02370997 -2.091776 1
1 1 0.141678 -1.082605 -0.1645141 1.118132 1.565172 1.638739 3.216602 1
1 1 0.1583805 0.2618424 -0.4246011 -0.686843 -0.5515732 -0.5968128 -1.839607 1
1 1 -1.287148 -1.91643 -0.8659304 0.286161 1.671847 1.282666 -0.8288348 1
1 1 -1.479804 -1.317362 -2.445172 -0.3002039 -0.07469848 -0.8836795 -6.500919 1
1 1 2.016566 0.5906758 -0.02929325 1.201401 1.283918 0.4384475 5.501715 1
1 1 0.6370283 0.875146 -0.7370365 -1.171825 -1.275355 0.6644871 -1.007556 1
1 1 -1.910366 -1.362028 -0.3588941 -0.2170889 -0.81703 1.099685 -3.565722 1
1 1 0.1358143 0.2576093 -0.6991091 1.030041 0.5951478 0.2437244 1.563228 1
1 1 0.104132 -0.8303663 0.761384 0.4512985 0.3970109 -0.7614116 0.1220475 1
1 1 -0.9161216 -2.645545 -1.171556 -0.970617 -0.2389875 1.049201 -4.893626 1
1 1 -1.195903 0.1462764 -0.1655376 0.7384153 0.2657129 -0.4112083 -0.6222438 1
1 1 0.3316058 0.2255603 1.638554 -0.06217244 -0.3948202 -1.042844 0.6958832 1
1 1 -0.7112557 -0.9328247 -1.872145 -1.032084 1.664139 -0.4760106 -3.360182 1
1 1 0.91149 0.853324 -0.04927047 1.175275 0.5107123 0.1081506 3.509682 1
1 1 0.1720769 -0.1119074 0.8728051 0.9120862 0.2986096 -1.552346 0.5913245 1
1 1 0.7885996 -0.02274104 -1.047115 -0.2456784 -1.660324 -1.546835 -3.734094 1
1 1 -0.1093879 -0.5226616 -1.191709 0.1327381 -0.4698537 0.5800672 -1.580807 1
1 1 -1.068518 -0.9420423 -0.2408971 -0.3902303 -1.299924 0.0402148 -3.901397 1
1 1 1.294271 0.01793517 0.2493147 -0.2154041 0.2030067 -0.5237477 1.025376 1
1 1 -1.04842 1.164908 0.665056 0.6138137 0.03641439 0.7342803 2.166052 1
1 1 0.316254 0.5170185 0.8461005 0.1205992 0.6162176 1.735168 4.151357 1
1 1 1.401958 1.713209 0.2230311 -0.7228279 -0.004782981 0.3046723 2.915259 1
1 1 -0.06142423 0.5491495 -0.5530946 -0.4373655 1.231711 0.430386 1.159362 1
1 1 -2.149405 0.7939673 0.2193122 -0.06307899 -0.3019145 -0.4617973 -1.962916 1
1 1 1.485951 -0.8471762 -0.2519553 0.3665858 -0.3737267 0.9226461 1.302325 1
1 1 0.3390127 1.442596 -1.174955 1.086108 0.3918646 -0.2183397 1.866287 1
1 1 -0.1954074 -0.08309396 1.183783 -0.1735413 1.174207 0.2070114 2.112959 1
1 1 1.09562 0.5215911 0.3801175 -0.6109749 -2.117334 -1.174731 -1.905711 1
1 1 0.23718 0.1108556 -0.8957 0.8823928 1.304096 1.132216 2.771041 1
1 1 -0.7362783 0.4218048 0.3514725 0.2013414 0.522638 0.1908005 0.9517789 1
1 1 1.080537 1.120644 1.533495 -0.04458943 1.453846 -0.09881355 5.045118 1
1 1 0.7034623 -1.397744 1.103942 0.1111172 0.7055182 0.1847764 1.411072 1
1 1 0.2692236 -0.6709597 -0.005714817 2.653506 1.252746 0.6816515 4.180452 1
1 1 -0.05319772 0.8359265 -2.96442 -1.750151 -0.6802532 -0.5898935 -5.201988 1
1 1 -2.185691 -0.6512795 -1.488768 1.099583 1.117944 -0.289662 -2.397874 1
1 1 -2.68186 -0.5428304 -0.7506293 1.07293 1.325315 0.2282403 -1.348835 1
1 1 -0.9164258 -0.9935103 0.2858059 -2.447329 -1.585291 0.1220646 -5.534686 1
1 1 0.3136003 0.4912059 0.8287493 0.3350529 1.288886 1.053255 4.310749 1
1 1 0.1294983 2.032007 -0.1706277 -0.6816454 -1.584153 0.146435 -0.1284857 1
1 1 0.5717718 3.179936 1.425928 -0.4167707 -0.06680493 0.5872734 5.281333 1
1 1 1.226368 0.4192353 1.771676 0.6846847 0.7885236 0.4435236 5.334012 1
1 1 0.6359614 -0.5225314 -0.1505055 -1.078563 -1.415809 -1.043113 -3.574561 1
1 1 0.2425854 0.9039192 -0.1364752 1.999412 1.827202 0.5363832 5.373027 1
1 1 0.9189348 0.4357875 -0.3928279 0.6293732 0.735948 2.341071 4.668286 1
1 1 -0.08875462 -0.6198848 -1.088624 0.3260468 0.3017213 -0.6679451 -1.83744 1
1 1 -1.242718 0.1938424 -1.047812 0.2367712 -1.031224 0.09407564 -2.797064 1
1 1 0.06345933 0.1099066 1.029834 -0.4406858 1.185555 -0.08490686 1.863163 1
1 1 0.02039573 -0.4101893 -0.0004706277 0.6279298 0.6161225 0.9859041 1.839692 1
1 1 -0.4203208 0.6416989 -0.3912631 -0.0372054 -0.3221731 0.257041 -0.2722225 1
1 1 1.474185 0.6993125 0.7582414 0.1941032 1.13138 0.1713334 4.428555 1
1 1 -1.516244 -1.015607 0.8126518 -0.2993834 0.5812857 0.05108976 -1.386207 1
1 1 0.5576111 0.06898968 0.1192754 0.1606975 0.5666799 -0.4336834 1.03957 1
1 1 0.1590309 -0.2284069 0.08202321 2.951069 0.8343028 3.099567 6.897586 1
1 1 0.5616928 -0.1680115 -0.1976419 0.1851782 -0.474607 0.1685669 0.07517762 1
1 1 0.08388412 -0.7430623 -1.668349 0.1302266 1.566049 -0.1087819 -0.7400332 1
1 1 1.399297 -0.3125694 -0.7604298 -1.239949 -1.473692 -0.7432569 -3.130601 1
1 1 0.4783822 -0.1197973 0.03953764 -0.4785737 0.3196752 1.124738 1.363962 1
1 1 -0.01867796 -0.4512956 -0.8896559 0.4081871 -0.5416802 0.9842439 -0.5088788 1
1 1 -2.243138 -1.082025 0.3989641 -0.6372 -1.29889 -1.68071 -6.542999 1
1 1 1.438121 1.068267 1.492347 -0.2416849 0.1032302 -0.3627596 3.497521 1
1 1 0.6625224 0.9961312 0.687674 0.3608347 -0.02212933 0.5205434 3.205576 1
1 1 1.225161 -0.2395748 0.6165876 0.4694542 -1.111733 0.08552527 1.04542 1
1 1 0.5140897 -0.5040446 -1.331865 -1.807909 0.2341636 -1.550028 -4.445593 1
1 1 3.132115 3.178557 2.384235 0.3388455 0.6308912 0.7900612 10.45471 1
1 1 1.759102 -0.3366648 0.3907189 0.4497647 0.04835678 -0.5920061 1.719271 1
1 1 -0.6885563 0.1324082 1.179273 0.1108067 -0.04590425 0.4803185 1.168345 1
1 1 -1.695184 -0.5803054 -0.5775402 0.8481222 -0.3147356 -0.2979391 -2.617582 1
1 1 0.1894092 0.2173695 -0.1626836 1.401885 1.004351 1.340816 3.991147 1
1 1 -0.4765819 -1.891169 0.380991 0.7951433 0.2430199 1.308659 0.3600621 1
1 1 -0.05729451 -0.2754987 -1.195607 -0.006322194 -0.2025691 0.06494083 -1.672351 1
1 1 -0.5223823 -0.5892837 -0.8036851 -0.4200863 0.8406831 0.5091788 -0.9855754 1
1 1 1.355451 -0.2290436 0.4023531 0.7611332 0.7089739 0.40956 3.408428 1
1 1 -0.7859496 -0.644359 -0.4947537 -0.7006695 -1.077578 -0.5023692 -4.205679 1
1 1 0.5945625 0.7827454 0.5145061 -0.4004474 -0.6722942 -0.2474973 0.5715752 1
1 1 -0.6806785 0.3544246 -0.6735042 2.644424 0.4381182 -0.3345199 1.748265 1
1 1 -1.432355 -1.093108 -0.6635831 -1.100391 0.160416 -0.7791698 -4.908192 1
1 1 -0.2284456 1.881679 0.740456 1.623965 0.7818402 0.5591101 5.358605 1
2 -1 -0.9828498 -1.901409 -0.1121412 -0.3921983 -0.6853871 -0.2875144 -4.3615 -1
2 -1 -0.7257301 -0.5738382 -0.6301704 -0.4372129 -0.09014318 -0.2947106 -2.751805 -1
2 -1 -0.252224 0.83391 0.929977 -0.6445681 -0.8387139 0.1923608 0.2207418 -1
2 -1 1.367984 1.107158 1.021351 0.2634545 1.2734 1.406209 6.439558 -1
2 -1 -0.04986846 -0.6196868 -0.4546359 0.4265915 0.2028106 0.2718562 -0.2229329 -1
2 -1 -0.4524751 -0.5771817 0.1326645 -0.4333982 -1.442193 -0.1188431 -2.891427 -1
2 -1 1.453772 1.08723 1.247842 -0.6451614 0.2271662 -2.332011 1.038838 -1
2 -1 -0.5375209 -0.4584366 -0.195411 0.8246825 0.4561557 0.6543177 0.7437872 -1
2 -1 0.07452552 1.515657 -0.3437566 -0.02740104 -1.17055 0.3524468 0.4009219 -1
2 -1 -0.1887398 0.713575 -0.8742844 -0.8877786 -1.495726 -1.994018 -4.726972 -1
2 -1 0.9473952 0.4773788 -1.034399 1.694259 1.519155 -0.08318509 3.520603 -1
2 -1 0.5544696 0.2979556 1.73949 0.1517596 -1.190953 0.8484758 2.401197 -1
2 -1 0.76693 0.2141447 -0.5551151 -1.067323 0.707303 0.2748272 0.3407666 -1
2 -1 -0.383811 1.45603 0.8323874 0.5199911 1.00722 0.6816139 4.113431 -1
2 -1 0.4273025 0.3134532 0.6370517 -0.02871852 0.4772597 0.9242474 2.750596 -1
2 -1 -1.341542 -1.3083 -1.253999 -0.5746158 -0.513138 0.7463167 -4.245279 -1
2 -1 -0.1276687 0.4301471 -0.124035 -1.378555 0.6717889 0.260194 -0.2681286 -1
2 -1 -1.056408 -0.9969548 -0.6901596 -0.9718948 0.07952516 -0.3291036 -3.964996 -1
2 -1 0.03372293 -0.03356439 -0.1316686 -0.4124882 -0.8397118 -1.329983 -2.713693 -1
2 -1 -0.3882124 0.7353501 -0.5718582 -1.081815 -1.202757 -1.01947 -3.528762 -1
2 -1 -1.063649 -1.154804 -0.3042151 -0.5558164 0.2231725 -0.8245584 -3.679871 -1
2 -1 0.5893882 0.6799087 0.888136 -0.4719902 -0.5229203 -0.04464432 1.117878 -1
2 -1 -0.7964767 0.6003165 -0.9317903 0.1100728 -0.7031096 -1.497764 -3.218751 -1
2 -1 -0.5854961 -0.4291647 -1.666236 0.3454422 0.1381607 -0.2759023 -2.473196 -1
2 -1 -1.241911 -0.5138003 -0.8084004 -0.4156683 0.9303579 0.7277392 -1.321683 -1
2 -1 -0.5200557 -1.028362 -0.1937869 -0.7567619 0.999491 1.102342 -0.3971334 -1
2 -1 -1.025899 -1.238438 -0.7568352 0.7400628 1.500917 1.931015 1.150823 -1
2 -1 -1.35699 -0.5889311 -0.6461724 -0.8672918 -0.6412928 -1.09498 -5.195658 -1
2 -1 -0.8118863 0.8684375 -1.240874 -0.3051196 0.3361518 -0.4276534 -1.580944 -1
2 -1 -0.8651267 -0.4063643 -0.8383748 -0.6560781 -1.579166 -0.301597 -4.646707 -1
2 -1 -0.7416193 -0.9895571 -0.9717014 0.2268955 -0.06114647 0.8612872 -1.675842 -1
2 -1 -1.551161 -0.2027469 -1.062447 0.2726229 0.6296935 -1.552375 -3.466414 -1
2 -1 0.2163609 -1.236912 -1.55499 -0.3874184 -1.126562 -1.196465 -5.285986 -1
2 -1 1.231237 1.106924 0.7563057 -0.9027145 -1.938502 0.6146569 0.8679075 -1
2 -1 0.3322884 0.3467085 0.6122357 1.351366 -0.679132 0.2720099 2.235477 -1
2 -1 -0.6078939 0.03030048 -1.133875 -2.062766 -1.036689 -0.07533753 -4.886261 -1
2 -1 -0.1248835 0.09431868 -0.7121727 0.1934003 0.9718993 -1.510749 -1.088187 -1
2 -1 -0.3097654 -0.03476615 -0.9126915 0.4645396 -0.8393122 -0.7550055 -2.387001 -1
2 -1 -1.769192 -1.137859 -0.1065722 -0.2996144 -0.8524544 0.756003 -3.409689 -1
2 -1 -0.7512763 0.5121255 1.063236 1.26273 1.113491 0.3778898 3.578195 -1
2 -1 -1.646363 -0.9100795 -0.4762511 -0.1386476 -0.271207 -0.02929957 -3.471848 -1
2 -1 -0.6678902 -0.5434306 -0.1375171 -0.4942657 0.8292405 0.244748 -0.7691151 -1
2 -1 0.5477612 1.043005 0.2741561 -0.6337333 -0.4373748 -0.6669204 0.1268939 -1
2 -1 -0.137535 1.68154 0.4172361 -0.6369791 1.311832 0.8403251 3.476418 -1
2 -1 0.3797098 1.936416 -0.6965086 1.006228 -0.4832168 0.1048948 2.247524 -1
2 -1 -0.2293248 -0.3866296 -1.149415 -0.4367164 0.2364013 -0.6104657 -2.576151 -1
2 -1 -1.399662 -0.4701277 -0.4067605 0.3704736 1.693157 1.193874 0.9809539 -1
2 -1 0.5910776 -1.257669 0.2178162 -0.7984127 -0.6928203 -0.19999 -2.139998 -1
2 -1 -1.362465 -0.7190872 -0.7431177 0.7467901 -1.061693 -0.4660565 -3.605629 -1
2 -1 0.3945795 0.2119657 0.7731141 -0.6904843 1.121849 -0.2026826 1.608342 -1
2 -1 0.9653554 0.08029842 0.4966459 1.110028 0.576363 0.9187958 4.147487 -1
2 -1 -0.6328935 -0.1313136 0.1164288 -0.1065078 -0.7726721 -2.079099 -3.606057 -1
2 -1 0.6464034 -1.420517 -1.085399 -0.3175941 0.008375764 -0.389016 -2.557747 -1
2 -1 -1.635244 -0.7039038 0.760197 -1.374156 -2.251907 -2.521739 -7.726753 -1
2 -1 1.753074 1.310536 1.99615 -1.11529 0.3169196 1.317278 5.578668 -1
2 -1 0.7296753 -0.8091038 -0.3682216 0.2315407 -0.728498 -0.3661842 -1.310792 -1
2 -1 1.034041 -1.412728 0.2397684 -0.959622 -0.09264117 -1.061313 -2.252495 -1
2 -1 -0.1201045 -0.6326601 1.157417 1.124331 -0.7292454 -0.6109609 0.1887769 -1
2 -1 0.07884571 -1.433391 -1.178731 -1.515546 1.350263 -1.054234 -3.752794 -1
2 -1 0.2378507 -0.7492995 -0.5022596 -1.198125 -1.317685 -2.046057 -5.575576 -1
2 -1 -1.509365 -0.7040178 -1.929004 -0.3212469 1.029462 -0.4259208 -3.860093 -1
2 -1 -0.4102729 -0.7339998 0.8466487 0.2416102 0.1652128 -0.4681551 -0.358956 -1
2 -1 0.6732995 -0.4124305 -1.184502 1.254083 -0.02119802 0.700244 1.009495 -1
2 -1 2.83686 2.650919 2.599025 0.3900801 0.9504531 -0.7159392 8.711399 -1
2 -1 0.9894822 0.1809189 0.519103 -2.381387 -2.451738 -2.636706 -5.780326 -1
2 -1 -0.4702545 0.120898 0.2838266 -0.4772999 0.04234496 0.00363813 -0.4968467 -1
2 -1 0.9272577 0.9258928 1.340839 1.852206 1.001822 1.463561 7.511579 -1
2 -1 1.735908 -0.7985458 -1.15878 1.937802 1.761621 0.9200592 4.398065 -1
2 -1 -0.5927916 0.955596 0.9094832 1.043513 -0.5136304 -0.9230988 0.8790712 -1
2 -1 0.6285964 1.1367 1.189955 -1.224289 -2.067199 -1.387916 -1.724153 -1
2 -1 -1.911761 -2.126866 -1.223039 0.5468057 -0.0432283 0.3535095 -4.404579 -1
2 -1 -1.624298 -1.598052 -0.2517044 -0.4370519 -1.240202 -0.5126571 -5.663965 -1
2 -1 1.836455 2.806605 3.02112 0.2342295 0.4143347 0.03769885 8.350443 -1
2 -1 1.273027 1.819978 0.7740437 1.15102 0.2849061 0.0226896 5.325665 -1
2 -1 -0.2371268 0.6844843 0.8631415 0.9631309 0.3537015 -0.006786512 2.620545 -1
2 -1 -1.358029 -1.377413 -0.3936321 1.243864 -0.009036739 0.8647337 -1.029513 -1
2 -1 0.1461532 -0.3268287 -0.3146945 -0.350804 -0.1626885 -1.09999 -2.108852 -1
2 -1 -0.645839 1.404465 1.00001 -1.505481 -0.3814564 -0.315056 -0.4433578 -1
2 -1 1.535606 -0.7479381 1.155569 2.077495 1.668287 2.02848 7.717499 -1
2 -1 -0.4580582 0.7357255 -0.4569886 -0.1378629 0.09302119 0.946919 0.722756 -1
2 -1 2.452127 1.047791 2.254124 1.721957 0.8180463 0.534688 8.828733 -1
2 -1 -1.195145 -1.120473 -0.09752178 -0.4600067 0.2824829 -1.474002 -4.064666 -1
2 -1 1.246324 1.482342 -1.025442 -0.9071969 -1.931305 -0.9801815 -2.115459 -1
2 -1 0.7312284 -0.0315726 -0.5703916 -0.8375608 -0.3901515 -0.2375515 -1.336 -1
2 -1 -0.9474413 -1.172188 0.4822613 1.008015 0.4300422 0.8548142 0.6555035 -1
2 -1 -0.02386365 0.1914828 0.3436468 -0.01995961 -0.05498566 -0.6226676 -0.1863468 -1
2 -1 0.7746714 0.2246737 -0.06798989 -0.0435693 -1.522922 -0.1956533 -0.8307894 -1
2 -1 -0.6404642 -0.01178445 -1.0521 0.4462958 -0.8720748 -1.150608 -3.280735 -1
2 -1 0.7007708 -0.6443618 0.7107411 0.8704156 -1.179853 -0.2495357 0.2081772 -1
2 -1 0.5052129 1.088957 2.458349 0.6256615 1.351581 1.76065 7.790411 -1
2 -1 -0.6647962 0.01840015 -0.02345563 -1.180232 -0.7685252 -0.7749653 -3.393574 -1
2 -1 1.192455 0.8417145 1.187303 -1.839359 -1.114093 -0.5348384 -0.2668187 -1
2 -1 -0.8679813 0.04972915 -1.553391 -2.107177 -1.71248 0.1897918 -6.001508 -1
2 -1 0.08842344 -1.721213 -0.2459204 1.328472 0.285601 -0.9215323 -1.18617 -1
2 -1 -1.758988 -0.8867926 -0.5284724 -1.568562 -0.7579219 -0.001757087 -5.502494 -1
2 -1 1.528779 1.299847 1.161479 0.06520039 -0.1897622 -0.3916271 3.473916 -1
2 -1 1.881687 2.006473 0.7902184 0.3661461 -0.9854018 0.7455391 4.804662 -1
2 -1 1.353391 0.7333498 1.196737 -1.235331 0.1676334 -1.414494 0.801286 -1
2 -1 1.715802 0.5108316 1.880829 -1.727224 0.9982785 -0.7389192 2.639597 -1
2 -1 -0.364976 -0.8093569 0.3868295 1.120539 -0.1405388 0.6512501 0.8437467 -1
2 -1 0.2007853 -0.2484112 0.5155884 -0.6042926 -1.234327 -0.3223066 -1.692964 -1
2 -1 0.8297315 -0.421243 0.2579164 -1.491708 -1.713206 -0.5502101 -3.088719 -1
2 -1 -0.2734914 -1.548169 -1.317291 -0.6055573 -0.0007374616 1.307228 -2.438018 -1
2 -1 -0.2230035 -0.07978082 -0.7579068 -1.011892 -0.3891865 -1.131201 -3.592971 -1
2 -1 0.8705907 -0.2680653 1.281119 0.3498838 0.9389502 0.1577885 3.330267 -1
2 -1 0.05922766 0.3651168 -0.3599301 1.377588 1.503013 0.4091664 3.354182 -1
2 -1 -0.8472261 -1.65474 -0.4313121 -0.1155498 -1.796224 -0.995016 -5.840068 -1
2 -1 2.194912 0.3613073 0.09723048 0.4301612 -1.414827 -0.1736633 1.495121 -1
2 -1 -1.112899 0.1679208 -0.1888156 0.2505084 -1.239659 -0.5559385 -2.678883 -1
2 -1 0.8216089 -0.4554028 -0.3577385 0.2451122 -0.2035813 1.479564 1.529563 -1
2 -1 -0.1551891 -0.2539751 -1.023127 0.2703048 1.136943 1.871872 1.846828 -1
2 -1 -0.4810895 1.212257 -0.4376397 3.037392 1.751898 1.75442 6.837239 -1
2 -1 -0.2409811 1.113068 0.4859539 0.6761856 0.846041 1.15946 4.039728 -1
2 -1 -1.262269 -1.978155 -2.344718 -0.2992515 0.4326994 -0.9544722 -6.406166 -1
2 -1 -0.8526237 -0.51948 0.01966382 -0.5448994 -0.05717265 0.1318156 -1.822696 -1
2 -1 0.6099308 -2.066968 -0.9191716 -0.3874222 -0.1397109 0.006362579 -2.896979 -1
2 -1 -1.079085 1.697769 -0.5604366 -0.1191027 0.8498199 -1.054894 -0.265929 -1
2 -1 -0.1381946 0.8123594 0.3184178 0.3913826 0.4690113 -1.543391 0.3095858 -1
2 -1 0.5313416 0.5047775 -0.1882659 -0.8726731 -0.3490162 -0.320784 -0.69462 -1
2 -1 0.05546412 0.1751693 0.3758672 -0.7924732 -0.4384828 0.8971024 0.272647 -1
2 -1 2.102184 1.171073 0.009702583 0.8327018 1.016366 1.15402 6.286047 -1
2 -1 -1.070023 -0.5629267 -0.4916122 -1.984962 -0.8673095 0.6689282 -4.307905 -1
2 -1 2.67395 0.488983 2.355259 -0.07238412 1.023875 0.1985477 6.66823 -1
2 -1 -0.5323732 -0.5586607 -0.3488686 0.5381715 0.09051922 -0.1222009 -0.9334126 -1
2 -1 0.9969092 -0.3902236 0.6436219 -1.364619 -0.3296611 0.09042219 -0.3535503 -1
2 -1 0.2640519 -0.4454704 -0.6518117 -2.056757 -0.1403618 -1.478307 -4.508656 -1
2 -1 0.3582041 0.9272039 -0.384679 0.935764 0.1601779 1.881494 3.878165 -1
2 -1 0.2313477 -0.09936084 -0.1321245 -0.1962821 0.2778889 0.04157284 0.1230421 -1
2 -1 1.464208 1.722778 3.117498 1.325539 0.8859966 1.258934 9.774953 -1
2 -1 0.2780504 0.7282729 -1.248775 0.2469576 -1.615749 0.8219467 -0.7892956 -1
2 -1 0.3993748 0.5633173 0.3535283 0.4549173 1.494201 0.7484583 4.013797 -1
2 -1 -0.3269731 -0.6744039 -0.4796915 1.439268 -0.932018 0.5207121 -0.4531063 -1
2 -1 0.9475986 -0.3861781 -0.8563542 -0.1890855 0.4555496 -1.637161 -1.66563 -1
2 -1 0.5933677 1.356095 -0.9976369 -1.365375 -0.8029714 -0.4258522 -1.642372 -1
2 -1 1.435828 1.641438 0.03424136 1.760676 0.7557495 1.51364 7.141574 -1
2 -1 0.840037 -0.2971051 -0.008635611 -0.2659116 1.303077 1.199102 2.770563 -1
2 -1 -0.6286704 -0.1296681 -1.157779 -1.486914 0.1141048 -0.8240554 -4.112982 -1
2 -1 -0.9569373 -0.1080928 1.997254 -0.21932 -0.02229777 -1.037823 -0.3472169 -1
2 -1 0.4385433 0.7413322 -0.6144384 -0.014162 0.1025176 -0.8164416 -0.1626489 -1
2 -1 -0.6375892 0.1969929 0.9307516 -0.42309 -0.2204289 -1.255445 -1.408809 -1
2 -1 -0.3997283 -0.897939 0.15462 0.611633 0.9751603 0.8099924 1.253738 -1
2 -1 -0.6750701 0.06063491 0.9256637 -0.3366496 -1.234974 0.1022055 -1.158189 -1
2 -1 -0.06255267 0.3660129 0.5296983 -0.09241715 -0.182537 -0.2746021 0.2836023 -1
2 -1 -0.8051903 0.923343 0.4171077 -1.928045 -0.9510482 -0.319766 -2.663599 -1
2 -1 -1.002412 -1.307142 -0.606414 0.2824772 -0.1992676 -0.121416 -2.954175 -1
2 -1 -0.5660127 0.7803823 1.320481 -0.5846896 -0.9068883 -1.08756 -1.044288 -1
2 -1 0.4102945 -1.190008 -0.839866 -2.338589 -3.449837 -2.606746 -10.01475 -1
2 -1 -1.187961 -0.8030908 0.1664372 0.8844707 1.147152 0.2156529 0.4226613 -1
2 -1 -1.032238 -1.984368 -1.338262 0.3679766 -0.06990148 0.1751488 -3.881644 -1
2 -1 -1.041758 0.8837097 -1.295231 2.047199 2.037183 1.9861 4.617204 -1
2 0 -0.8676838 -1.007921 0.3207751 -0.3298623 -0.3923676 0.3127923 -1.964267 0
2 0 0.3564778 -0.003773219 0.6408027 0.9624244 1.261968 0.3266287 3.544529 0
2 0 -0.3566755 -1.455859 0.04929785 -0.6188017 0.1277352 -0.2703746 -2.524678 0
2 0 -0.9346533 0.4915665 -0.4690334 -1.565011 0.3167652 -0.3039261 -2.464292 0
2 0 -0.7864031 -0.003237794 0.277578 0.666987 0.6794458 -0.1354248 0.6989452 0
2 0 2.572036 0.4352748 1.531652 0.7418902 0.3815585 -0.4657647 5.196647 0
2 0 1.037914 1.009839 0.4240695 1.02486 0.954115 -0.1033229 4.347474 0
2 0 1.079824 0.5050639 0.552056 -0.08566036 -0.8255853 0.146141 1.371839 0
2 0 -0.9088268 -0.5183941 0.3816095 -0.2438034 0.4636871 0.5043078 -0.3214199 0
2 0 -0.6527758 -1.314738 0.3350742 -0.006037619 1.351236 0.9087702 0.6215288 0
2 0 -1.088137 -1.480814 -0.2202524 2.455226 0.8825456 1.007646 1.556215 0
2 0 -0.4020924 1.173569 0.06481856 0.7833593 -0.6150827 1.568868 2.57344 0
2 0 -0.02810717 0.4572046 0.9493543 0.8056114 1.129376 -0.3783781 2.935061 0
2 0 -0.4718473 -0.8016645 -1.51975 -1.026536 -1.345338 -0.4777186 -5.642855 0
2 0 2.099244 -0.1069113 0.3132689 -0.3631666 0.6113572 -0.5306547 2.023138 0
2 0 0.3438428 0.06843682 -0.3135607 1.057425 -0.1922873 -0.1515545 0.8123026 0
2 0 0.5053717 -1.257555 0.7787726 -1.706158 -1.110746 -1.305781 -4.096095 0
2 0 -0.1038739 -0.2241783 -1.460994 -0.7561674 -1.418239 -1.58073 -5.544182 0
2 0 0.1818453 0.4457994 -0.6893047 1.253324 1.8982 2.430795 5.520658 0
2 0 -0.9221121 0.7844947 1.287769 0.09383769 -0.9477218 -1.872791 -1.576523 0
2 0 -0.5920441 -2.060195 -1.708557 -1.413646 -0.7082186 0.1827139 -6.299947 0
2 0 -1.228425 -2.213248 -0.1185343 -1.435213 -0.2049848 -0.7444491 -5.944855 0
2 0 1.242976 0.864887 0.9294799 -0.1685181 1.223669 1.806678 5.899172 0
2 0 0.277144 -1.05893 -0.2751445 0.9837411 1.298587 1.511749 2.737147 0
2 0 -0.6189812 0.6151885 2.377049 1.142644 -0.1633311 0.7572529 4.109822 0
2 0 0.7324263 0.8624135 -0.6124824 -0.7575255 -1.786871 -0.6992916 -2.261331 0
2 0 1.233688 -0.01977527 -0.9077603 1.715377 2.390029 1.33289 5.744449 0
2 0 1.860641 0.2149042 0.5717042 0.8716016 0.8419443 1.1561 5.516895 0
2 0 0.217433 -1.339067 1.440332 0.4373155 0.505732 0.5952861 1.857031 0
2 0 -0.0300698 0.1117494 -0.1159592 -2.071055 -1.778249 -2.014106 -5.89769 0
2 0 -2.029799 -0.7558265 -0.9073311 -0.378807 0.02810816 -0.5026237 -4.546279 0
2 0 0.4603527 -0.6043129 -0.5644753 1.384197 1.27285 0.03391954 1.982531 0
2 0 -1.246251 -1.655356 -0.8234741 -1.441724 -0.4650705 -0.6037655 -6.23564 0
2 0 -0.91036 -1.34642 0.3348566 0.6976998 0.7051853 0.1239076 -0.3951305 0
2 0 0.3432687 0.2714417 0.9646794 -2.725497 -0.5620173 -2.576227 -4.284352 0
2 0 0.005863641 1.60939 0.09279139 -0.9849277 0.4084392 -0.9166993 0.2148569 0
2 0 0.2760411 -0.2700235 -0.4817802 -1.226579 -2.011017 -1.231645 -4.945004 0
2 0 0.0242866 1.281602 1.507495 -0.4424004 1.254133 -1.004838 2.620278 0
2 0 -0.3705692 -1.291647 1.649838 0.07210767 0.8661647 0.9882385 1.914133 0
2 0 -0.1481646 -0.1537196 0.5821907 -0.7488643 -1.005226 -2.322677 -3.79646 0
2 0 0.7797091 1.710819 -0.001331335 -1.414333 -2.088699 -1.387329 -2.401164 0
2 0 -0.09036051 -0.08614448 0.3670709 -1.717018 0.2693394 -0.4488229 -1.705935 0
2 0 -1.679511 -1.949469 -1.587959 -2.082117 -1.019856 -1.320196 -9.639109 0
2 0 0.4014671 0.9803848 -0.4589341 -0.2052969 -0.1876327 -1.017088 -0.4870996 0
2 0 0.1652419 -0.7087853 0.1066374 0.6315538 0.138232 0.5208829 0.8537626 0
2 0 -0.9156342 -0.2967119 0.4159056 -0.719797 -2.086322 -0.3989858 -4.001545 0
2 0 0.7898892 0.3488717 0.3091464 -0.7873538 -1.370693 -0.09585136 -0.8059911 0
2 0 -0.5222415 -0.2885344 -0.1943559 0.1441709 0.1239694 -0.2518163 -0.9888078 0
2 0 0.3192146 1.1977 0.4588986 0.4580309 -0.09225701 0.08794444 2.429531 0
2 0 -0.6652709 -0.3894606 0.2459 -0.3265422 -1.427928 0.5405394 -2.022762 0
2 0 -0.6418127 -0.8881937 0.5242577 0.8541454 0.02449275 -1.327678 -1.454789 0
2 0 0.6419222 1.598268 0.8491874 0.919149 0.3707247 0.2368126 4.616064 0
2 0 0.03131746 0.2998557 -1.833059 -0.6030953 0.5240407 -0.5187549 -2.099695 0
2 0 -2.072058 -0.1807571 -1.642519 -0.2838104 -0.6099778 0.03160667 -4.757515 0
2 0 1.763468 0.6445534 0.170745 1.65539 0.8779015 0.9393198 6.051377 0
2 0 -2.007475 -0.6857028 -0.8990965 -0.4357704 -0.4288975 -0.1899605 -4.646903 0
2 0 1.253547 1.34275 0.1830937 1.633041 -0.4505277 0.9801068 4.942011 0
2 0 -0.6556054 0.6717614 0.2377221 0.07471434 -1.153979 -0.5455535 -1.370941 0
2 0 0.4459334 1.244296 0.3684365 0.3732038 -0.2527193 1.227542 3.406692 0
2 0 1.532741 0.7718516 0.2898082 1.015934 1.017277 2.371364 6.998975 0
2 0 -0.1944776 0.5561891 -0.6791376 2.076541 0.323561 1.011928 3.094604 0
2 0 0.4599572 0.159942 0.9200394 0.8116369 1.038168 0.1491427 3.538887 0
2 0 -0.4242504 -0.289695 -1.0012 -1.92154 -2.091458 -1.74537 -7.473513 0
2 0 -2.395429 0.0849673 0.1199514 -0.5115605 -0.5176774 -1.077543 -4.297291 0
2 0 0.7426726 -0.2636256 -0.06251916 0.001849199 -0.2110975 -1.713966 -1.506687 0
2 0 -0.1529834 0.417881 0.06982245 0.519946 0.627904 1.300966 2.783536 0
2 0 0.301012 -0.5845277 -0.7828375 -0.4370689 0.206697 0.2608754 -1.03585 0
2 0 -0.675976 -0.4161582 -1.000095 1.855421 0.9828212 0.7458345 1.491847 0
2 0 -0.9974251 0.4896324 0.3569331 0.5588283 -0.5308447 -0.4846873 -0.6075632 0
2 0 -0.6968998 0.7167241 0.3906196 0.3324888 1.322331 1.529363 3.594626 0
2 0 -1.610884 -0.5457371 1.251493 1.169708 -0.267561 0.6705508 0.6675694 0
2 0 -0.004926854 0.6097517 0.5025841 -0.7930403 -0.7515285 0.4919454 0.05478556 0
2 0 1.151036 1.32522 0.6649699 0.05015721 -0.736257 0.1469437 2.60207 0
2 0 -0.9985974 -1.489746 -0.7068691 -0.2213285 -0.2506443 -0.2975362 -3.964721 0
2 0 0.2211433 0.3206476 -0.01073404 0.42524 1.034666 0.1343566 2.12532 0
2 0 -0.7517089 0.6771783 0.6847224 -0.7204939 -1.733866 -0.9495588 -2.793727 0
2 0 -0.4869812 -0.2140776 -0.445686 -1.870257 -2.015544 -0.3543395 -5.386886 0
2 0 1.296949 0.5002088 0.6445206 -1.217501 -0.5013485 0.1102515 0.8330801 0
2 0 -0.03791387 -0.6928071 -1.172455 0.204388 -1.898169 -1.395767 -4.992724 0
2 0 -1.058397 -2.250849 -0.2794148 -1.638473 -1.23406 -1.134851 -7.596044 0
2 0 0.1217183 0.4839008 0.2785815 0.441932 -0.4511088 -0.4625149 0.412509 0
2 0 -0.5450852 0.1673336 -0.5462086 0.9227973 1.465459 -0.3702956 1.094 0
2 0 1.109748 0.8910745 1.295621 0.101647 1.097739 1.705774 6.201604 0
2 0 -0.3120801 -0.07074863 -0.7287579 -1.46226 0.6180691 0.04469625 -1.911081 0
2 0 -0.4838251 -0.6738051 -2.092533 -0.6290989 -0.8752815 -1.075061 -5.829605 0
2 0 -0.174239 -0.3831393 -1.111443 -0.8282982 -1.022782 -1.145088 -4.664989 0
2 0 2.08787 1.654458 2.262129 2.130394 0.9232759 1.162239 10.22036 0
2 0 -0.6870076 -0.1048014 1.331638 -0.806077 0.03658083 0.5034599 0.2737923 0
2 0 -0.166362 0.346121 -0.3603629 -0.8247844 -0.6375121 -0.1067535 -1.749654 0
2 0 0.5786133 0.804628 -0.01894987 1.313685 0.3521645 -0.1138894 2.916252 0
2 0 -0.01570987 -0.6512398 0.7334936 -0.3660571 -0.8670163 -0.2367524 -1.403282 0
2 0 -1.208505 0.02030972 -1.744494 -0.505564 -1.62366 0.1801388 -4.881774 0
2 0 -1.592424 -1.332904 -1.417818 -1.622602 -1.646103 -1.968704 -9.580554 0
2 0 -0.4845873 1.503524 -0.4007914 -1.502949 -0.5753898 -0.7382949 -2.198488 0
2 0 2.096346 0.8727203 1.50241 0.3436819 1.061334 1.232941 7.109434 0
2 0 -0.7133191 -0.6975378 -1.295225 -0.2474946 0.1854778 0.3234477 -2.444651 0
2 0 0.2202124 1.532778 0.4168435 -0.06171062 0.3958086 0.3256801 2.829612 0
2 0 0.6177945 0.8446973 0.6916515 -0.9603128 -0.1588339 0.6083746 1.643371 0
2 0 -0.2183106 1.391068 -0.08744195 -1.045513 -0.7586119 -1.679344 -2.398154 0
2 0 2.193713 0.8875785 0.8677661 1.695045 2.209385 1.489859 9.343346 0
2 0 0.4395731 1.47939 2.137609 -0.1273128 1.010026 1.080794 6.020079 0
2 0 -0.1529275 -1.249928 0.7891357 0.001750604 -0.2901653 1.343824 0.4416902 0
2 0 0.4279423 -1.165647 -1.440189 -0.5989517 -1.359226 -1.02178 -5.157851 0
2 0 1.424718 0.7373659 1.762593 0.4616172 0.2483576 1.363728 5.99838 0
2 0 1.192315 -1.37435 -1.088166 -1.409326 0.0504581 -1.61181 -4.240878 0
2 0 -0.6617325 0.4314424 0.4766642 0.002122329 -1.488306 0.3530125 -0.8867975 0
2 0 1.670049 0.7188258 0.7454576 0.5123323 0.9944178 0.9703142 5.611397 0
2 0 -2.07452 -0.725841 -1.74911 0.6132275 0.2065086 -0.02498693 -3.754722 0
2 0 -0.456748 -0.9925715 -1.55457 0.04856133 -0.2423083 0.2530535 -2.944583 0
2 0 1.915465 -0.2534188 -0.3502349 0.154906 1.239404 -0.5019729 2.204148 0
2 0 -0.4505727 -1.966682 -1.180986 0.2871932 -0.761833 0.02048011 -4.052401 0
2 0 -0.4805344 -1.437468 0.5116193 -0.09315902 -0.1845779 0.3559073 -1.328213 0
2 0 -0.2525011 -0.5602515 -1.043056 0.4763545 -1.487298 -0.7095842 -3.576336 0
2 0 -0.0452129 -0.3194835 0.5715794 2.084482 0.4196339 1.661712 4.372711 0
2 0 1.885613 1.0237 1.224811 1.168959 -0.7194517 0.06916489 4.652796 0
2 0 0.07760271 -2.379096 -0.3204475 0.8821381 0.06270216 0.8275839 -0.8495162 0
2 0 0.3450644 -1.550833 -2.495471 0.6527365 -0.250217 -0.390415 -3.689135 0
2 0 0.8066007 0.7969619 1.710774 0.4292884 0.4323863 0.4563433 4.632355 0
2 0 -0.3346592 -0.8411844 -0.9115539 0.8753722 -0.7073986 -1.530984 -3.450408 0
2 0 -0.5178934 -1.713031 -0.6751299 -0.6937059 0.4682644 0.2342313 -2.897264 0
2 0 -0.1121654 0.2821223 -0.1511031 0.3715717 1.408952 1.473019 3.272397 0
2 0 1.534738 0.9419481 0.3297899 -0.4919403 -0.9769363 -0.4507708 0.8868291 0
2 0 0.2960285 0.7575602 0.107414 0.2968997 2.355676 1.368762 5.18234 0
2 0 1.472805 -0.5602835 -0.2603478 0.9956485 0.5914642 1.358241 3.597527 0
2 0 -0.1505645 1.010351 0.5738459 1.331781 0.4114938 0.847538 4.024446 0
2 0 1.880436 1.516448 0.7552632 -0.4069172 -1.266294 -0.5488501 1.930086 0
2 0 1.51785 2.35126 0.6507343 -0.6096586 0.7022288 -0.2168946 4.39552 0
2 0 -0.67759 -0.8972288 -0.1373449 -0.401821 -1.997468 -1.352798 -5.464251 0
2 0 0.2722114 0.4442456 0.9307416 1.712083 0.03599868 -0.8320955 2.563185 0
2 0 -0.07974857 -1.281375 -1.13806 0.06047912 -1.796782 0.5353567 -3.70013 0
2 0 0.7790464 1.281867 1.006497 -0.200491 0.3282787 1.13802 4.333218 0
2 0 -1.334716 -1.854408 -1.507562 -0.944113 -0.897887 -1.528366 -8.067053 0
2 0 1.56644 0.7383379 0.5861008 0.09272662 -0.2292389 -0.1860316 2.568334 0
2 0 0.1575393 -0.5942133 1.790154 -1.521745 -0.8892332 -1.30002 -2.357518 0
2 0 0.5473405 -0.491478 0.4493705 1.415042 0.1097701 -0.3197976 1.710247 0
2 0 0.2325057 -0.2229173 -0.9869453 -0.04072951 -0.007244413 -0.9194779 -1.944809 0
2 0 0.6964183 0.4581797 0.7811757 0.6949609 0.02782774 -0.2985789 2.359983 0
2 0 0.8621934 1.54801 1.147746 1.101786 -0.4896909 -0.8111348 3.35891 0
2 0 0.1073295 -0.3876453 -0.8486676 -1.958951 -2.309996 -0.2712905 -5.669221 0
2 0 -1.307567 0.8938977 -0.03602566 0.8993495 1.623044 1.305755 3.378454 0
2 0 -0.6671905 -1.397776 0.522107 -0.4809313 -0.02092939 0.2108707 -1.833849 0
2 0 -0.689029 0.9881354 0.1065604 0.6680987 0.4018226 2.02139 3.496979 0
2 0 0.8791491 -1.123084 0.7258296 -0.4575617 0.7357711 0.8932294 1.653333 0
2 0 0.6587647 0.1328253 -0.489033 0.7569264 0.1535716 0.8755054 2.08856 0
2 0 -0.6029184 -0.7761885 -0.6038868 -0.2938059 0.3937056 1.211006 -0.6720876 0
2 0 0.3145455 0.7158356 0.5427403 0.08128507 -0.8769094 1.413685 2.191182 0
2 0 -0.148088 0.2886197 0.3577919 -0.9013175 0.1520583 -0.6967209 -0.9476566 0
2 0 0.4552527 0.4827501 0.05976039 0.6266318 0.9546448 -0.3704638 2.208576 0
2 0 0.465875 -0.9204252 -0.2617022 -1.596827 0.018377 -0.645743 -2.940446 0
2 0 0.2919988 0.6312702 0.6266112 1.425981 1.494368 0.9097151 5.379944 0
2 0 -0.3389532 1.756223 -0.2424133 1.248554 1.099977 0.780565 4.303953 0
2 0 -0.2826784 0.1093716 -0.8448676 0.223421 0.4566024 0.5361435 0.1979925 0
2 0 -0.8903782 -1.67618 -0.3415583 -0.4581092 -0.6901116 0.3717659 -3.684572 0
2 0 0.6843725 -0.5695759 0.6517057 0.3997473 0.04115428 -0.7143887 0.4930151 0
2 0 -0.5271987 -0.8466033 -0.2382675 0.2515294 -0.7775117 0.02169198 -2.11636 0
2 0 1.060811 -0.006813585 2.580296 0.3290381 -1.098406 -0.8420811 2.022844 0
2 0 -0.3137281 0.1058649 -0.08931002 0.5300072 -0.6764137 1.08558 0.6420001 0
2 0 -1.865469 0.2723589 -1.149355 -0.8059525 -0.4705101 -2.308591 -6.327519 0
2 0 0.005260065 0.5384079 -1.079372 0.9886475 -0.3493472 -0.6229854 -0.519389 0
2 0 0.2392326 0.3920955 0.3183998 -0.3656639 0.1146114 0.2704516 0.969127 0
2 0 -1.584848 -0.6198114 -0.8323767 1.848366 -0.9207597 0.2954099 -1.81402 0
2 0 0.6046319 0.576749 0.0342021 -1.427611 -1.077332 -0.3984257 -1.687786 0
2 0 1.367228 -0.5377466 0.1231768 1.100825 0.6301518 1.102377 3.786012 0
2 0 0.357111 -0.3762609 -1.163031 0.5514941 0.4894798 1.159379 1.018171 0
2 0 0.4880277 0.1652404 0.7902785 -0.0416578 0.8509992 -1.265334 0.987554 0
2 0 -0.4228571 0.06732947 0.190262 -0.4378324 1.927723 1.934523 3.259148 0
2 0 0.2117258 1.277121 1.713095 -1.541717 -0.8990536 -0.2488218 0.5123501 0
2 0 -3.059857 -2.238432 -2.497267 0.2902766 0.8659227 -0.3032894 -6.942646 0
2 0 0.6974897 0.7114599 -1.994306 -1.174982 -1.407693 -0.9446923 -4.112724 0
2 0 -0.3554053 0.6490666 1.54844 0.6888038 2.785699 2.456919 7.773524 0
2 0 0.4234574 -0.101641 0.8322304 0.5039196 1.386361 1.243482 4.28781 0
2 0 -0.2068038 0.1156716 0.7473893 0.1489318 -0.6912402 0.0805899 0.1945384 0
2 0 -1.563835 -1.491263 -2.432407 0.4315913 2.141604 1.551414 -1.362897 0
2 0 1.126421 1.754558 0.0858173 -0.4001752 -1.177162 0.9519323 2.341392 0
2 0 -0.3175831 -0.8046427 -1.570165 1.866346 1.384736 1.041065 1.599756 0
2 0 0.1555315 -0.4986793 -0.8070873 1.452833 -0.4929465 0.009630385 -0.180718 0
2 0 -0.4865063 -0.07550299 -0.4142314 1.377751 0.5681444 -0.1295374 0.8401177 0
2 0 -1.962485 -2.448744 0.6973684 0.2094187 1.003459 1.640589 -0.8603944 0
2 0 -0.5348978 0.4724854 0.08265051 -0.2923988 0.7432503 -0.1959014 0.2751881 0
2 0 1.038532 -0.3282552 0.5901571 0.4405007 -1.831914 -1.115679 -1.206658 0
2 0 1.673344 0.6525119 1.05274 0.4657883 2.087688 0.19422 6.126292 0
2 0 -0.799644 -0.06213764 -0.881782 0.3058898 0.3870806 -0.7048099 -1.755403 0
2 0 0.5611146 0.906398 0.4000475 0.44714 0.5198736 1.350725 4.185299 0
2 0 -0.2724736 1.157317 1.156198 -0.6844378 0.8203303 0.6166904 2.793625 0
2 0 1.876398 0.8136838 1.668263 -0.07530087 -1.552571 0.6060789 3.336552 0
2 0 -0.2659711 -0.9310581 0.5874902 0.7825071 0.9211049 0.2827446 1.376818 0
2 0 0.3246998 0.565044 1.745033 -1.698419 -1.178727 -0.7164693 -0.9588394 0
2 0 0.3919533 0.2470334 -0.3171123 -0.9735003 0.2260091 0.3641867 -0.06143022 0
2 0 0.2763471 -1.096867 0.06355551 0.4781149 0.03245271 0.84157 0.5951736 0
2 0 1.112306 -0.4816561 0.9934716 -0.3976747 1.24084 -1.650577 0.8167095 0
2 0 0.2357509 0.1864984 0.6898022 1.232017 1.948847 1.075149 5.368064 0
2 0 0.02617306 0.05083462 -0.596546 1.029329 1.655771 0.5229764 2.688538 0
2 0 -1.420917 0.01548153 0.266593 -0.2977125 1.272047 -1.232736 -1.397244 0
2 0 0.662324 2.582988 1.283867 0.7421141 0.3691506 1.045968 6.686412 0
2 0 0.8573903 1.105993 -0.6096961 -0.07303913 -0.09168453 0.2052126 1.394176 0
2 0 2.395251 1.189937 2.345379 0.2835158 0.413496 -0.5736133 6.053966 0
2 0 1.116467 0.1197123 -0.6525455 -0.3320877 1.554828 0.7469155 2.553289 0
2 0 -1.605335 0.2591561 -0.1919513 -1.541895 -0.4300719 -1.094774 -4.604871 0
2 0 1.311799 0.3211715 1.92166 -0.6683438 -0.1875509 -1.220062 1.478674 0
2 0 -0.6092452 0.7315605 -0.4310711 0.9398187 0.2026642 0.9534845 1.787211 0
2 0 -0.9409557 -1.105956 -1.294464 -0.1866907 -0.6605947 -0.2986166 -4.487278 0
2 0 0.3936398 0.9918756 0.2384677 -1.238575 -0.8343141 -1.00865 -1.457557 0
2 0 1.250406 1.21722 0.203191 -1.015872 -0.2032389 -0.8127982 0.6389071 0
2 0 -0.4993309 0.5161042 -1.287131 -1.910633 -2.118868 -1.815316 -7.115175 0
2 0 0.1054078 -0.1280758 1.376444 -0.9202415 -0.7861406 -1.483969 -1.836575 0
2 0 -1.444135 -1.158914 -1.178306 -0.524421 -0.9693079 -0.6653418 -5.940426 0
2 0 0.4238465 -0.3392785 0.8125811 0.1786895 0.7877724 -0.9274945 0.9361165 0
2 0 0.3696664 0.4543157 -0.565959 0.479968 -0.115071 -0.6646836 -0.0417634 0
2 0 0.6544666 1.029798 0.5101088 -2.103635 -0.3944463 0.8701631 0.5664548 0
2 0 -1.590612 -0.9292014 -0.8451358 1.232512 1.741588 0.7677988 0.3769493 0
2 0 0.06468743 -0.1271615 -0.03900419 0.5525488 -0.6151328 0.1404862 -0.02357611 0
2 0 -0.7496882 -1.143532 -0.3212801 -1.167875 0.6523174 -1.378631 -4.108689 0
2 0 -1.196057 -0.1089404 -1.065965 -0.2907357 1.959985 -0.6233637 -1.325077 0
2 0 -0.08790321 1.804331 0.007040912 1.328059 1.186364 1.060039 5.29793 0
2 0 -1.946476 -0.9002075 -0.5919295 0.3881585 0.8773306 -0.07441096 -2.247535 0
2 0 0.08837656 1.110545 1.092898 1.63795 1.3259 0.9741699 6.229839 0
2 0 -0.1767195 0.08190788 -0.683459 0.2171319 -0.4855588 -1.165651 -2.212348 0
2 0 0.8062637 1.076745 0.6537254 -0.7216366 -1.619271 -1.066156 -0.8703298 0
2 0 1.96853 0.4491887 -0.1406911 1.103166 1.45768 -1.449215 3.38866 0
2 0 -1.872367 -0.6778705 0.4816717 -0.7267117 -1.788427 0.04693342 -4.536771 0
2 0 -0.5882819 0.4303577 -0.1430388 0.9964488 -0.6811384 -1.55032 -1.535973 0
2 0 0.2523542 0.267272 1.706553 -0.07910802 -1.636794 0.2845305 0.7948076 0
2 0 0.2460604 -0.5161588 0.3402099 -0.4962122 -0.9312106 -0.3849012 -1.742213 0
2 0 -0.265159 -0.3327765 -0.4545308 0.4542998 -0.6376224 -1.713833 -2.949622 0
2 0 -0.8584152 0.7813449 -1.390892 -0.3008526 1.518919 -1.273876 -1.523771 0
2 0 -1.399245 -1.801129 -2.556001 2.000413 1.498065 1.790916 -0.466981 0
2 0 -0.1791631 -1.803174 -0.7596741 -0.8656166 -0.4040176 -0.3352598 -4.346905 0
2 0 -1.466366 -0.9735058 -1.582206 -1.065748 -1.227302 -0.1965067 -6.511635 0
2 0 1.722643 1.854253 1.520291 -0.9375636 -0.858792 -0.07519847 3.225632 0
2 0 0.7503379 -1.506882 -0.7026392 -0.05924709 0.2358706 0.3825158 -0.9000436 0
2 0 0.1840423 0.7032644 -0.3617272 -1.207041 0.04970052 0.2304856 -0.4012751 0
2 0 -0.5570513 -0.05013465 0.2047947 0.6035291 -0.4586159 0.238135 -0.01934298 0
2 0 -0.1327501 0.4946044 -1.140904 -1.827644 -0.2866831 -1.474705 -4.368081 0
2 0 -0.01743061 1.150303 0.05228621 0.4841454 0.1735037 -0.274355 1.568453 0
2 0 -0.5278349 0.2554271 -0.7647861 0.7951582 0.3641775 -0.6125839 -0.4904422 0
2 0 -0.4216741 -1.290622 -0.5961791 1.570549 0.1095424 0.4796575 -0.148726 0
2 0 2.849215 1.833115 1.348605 -0.5438051 0.4886676 1.213788 7.189586 0
2 0 -0.836672 -0.8782688 -1.491434 -0.4774827 -0.4515035 0.03809942 -4.097262 0
2 0 -1.889024 -0.9143722 -1.704157 -1.412621 0.3061514 -0.2313384 -5.845362 0
2 0 1.003223 0.6394205 0.443075 -0.1910264 1.293526 -0.3864505 2.801767 0
2 0 0.7167262 0.4096645 -0.5372818 -0.4973357 -0.2059101 -0.4598326 -0.5739695 0
2 0 0.3632714 0.1441944 -0.4297965 0.8024838 0.2413597 0.2037172 1.32523 0
2 0 1.062461 -0.6761053 -0.9939711 0.0191228 0.4807956 1.101547 0.9938501 0
2 0 -0.5795471 0.2930958 -1.148193 -0.5400042 0.6127142 2.064307 0.7023725 0
2 0 -0.473414 -0.9905674 0.06845453 0.2784618 0.9238765 2.008386 1.815197 0
2 0 -0.8525129 0.9188033 -0.1435625 1.589409 0.3172838 -0.4889526 1.340468 0
2 0 -0.6202755 0.9625494 -0.6648868 0.5415302 -1.053736 0.06229712 -0.7725213 0
2 0 -0.1745243 -0.0710336 0.02827289 -0.811956 0.1352048 0.003347231 -0.8906889 0
2 0 -1.641571 -0.135399 -1.225706 1.64675 -0.7259865 -0.162986 -2.244898 0
2 0 0.2269125 0.02515978 1.490414 -0.8895697 -1.392479 -1.142143 -1.681706 0
2 0 -1.933867 -2.59124 -1.446371 -0.02767743 -0.204708 -1.338381 -7.542244 0
2 0 0.4780286 -1.225225 -1.686721 -0.9247928 -0.3113249 -0.5033824 -4.173418 0
2 0 -2.279316 -1.619463 -1.591239 -0.6086636 0.2452319 0.1742879 -5.679162 0
2 0 0.5395048 0.6910306 1.164474 0.3463616 -0.2125475 0.4273519 2.956176 0
2 0 -1.669713 -1.409442 -1.553814 0.02335674 0.383494 1.836546 -2.389572 0
2 0 -0.8261934 -0.4401869 -0.6611297 -1.014725 -0.6535928 -1.496487 -5.092314 0
2 0 -1.008387 -1.225932 -0.6936548 0.4009469 0.1586101 0.09779098 -2.270626 0
2 0 -0.6372665 -2.125647 -1.735866 -0.9718429 -1.811574 0.2428974 -7.039298 0
2 0 -0.2529726 0.3137191 -0.3313872 0.656221 1.085897 1.085898 2.557375 0
2 0 -0.1439613 0.6644813 0.7064286 -0.370173 -0.7034138 0.1338225 0.2871844 0
2 0 2.953503 0.8159483 1.293214 -0.769774 -1.212396 0.3742997 3.454795 0
2 0 -2.174619 -1.028837 -1.106407 -0.9633259 -1.188127 0.7279241 -5.733391 0
2 0 -0.05841 -0.1990589 -0.4183992 -1.12859 -1.268828 -1.290805 -4.364091 0
2 0 -0.3464528 0.1481231 0.7602244 0.4592493 -0.314828 -0.8074375 -0.1011216 0
2 0 -0.3590742 -1.389031 0.3346758 -0.5970338 0.4226547 -1.197176 -2.784984 0
2 0 -0.4478783 0.07138336 1.208092 -0.00444477 0.1331184 -0.8363892 0.1238815 0
2 0 1.022092 1.476166 1.713195 -1.475719 -0.02564294 -0.9696042 1.740487 0
2 0 -0.7577631 -0.3771157 -1.318217 -0.3242421 0.3779391 -1.883356 -4.282755 0
2 0 -0.1552079 -0.5012386 -0.5530967 0.4389237 1.573353 0.1552965 0.9580304 0
2 0 1.039965 1.392667 2.284168 1.237898 0.9229312 0.485006 7.362635 0
2 0 -1.062937 1.250758 -0.9619824 0.4233556 1.012293 1.806805 2.468292 0
2 0 1.10982 -1.223816 -0.3599097 -0.1650344 0.01894615 0.9466448 0.3266511 0
2 0 1.431915 0.8993257 0.3463379 0.1842774 0.4410987 1.118359 4.421314 0
2 0 -0.03678008 -0.4659713 0.8581137 -0.9128648 -0.6062905 -0.695797 -1.85959 0
2 0 0.4685168 0.02000557 0.8744796 -1.813079 -0.02059546 -1.923864 -2.394537 0
2 0 0.09606604 -0.3297151 0.7055143 0.686408 -0.4547781 -0.4402353 0.2632597 0
2 0 1.454944 -0.4875045 -0.9380513 1.00914 0.1160563 1.536284 2.690868 0
2 0 -1.729489 -1.482873 -1.825168 -1.436377 -0.593846 -0.2636475 -7.3314 0
2 0 -0.3035461 -1.054085 0.1327228 2.113504 0.4059316 0.6569036 1.951431 0
2 0 0.5661408 1.091607 2.592841 -0.556913 0.4817986 -1.154125 3.021349 0
2 0 -0.4724086 0.4560059 -0.1452374 0.7836821 2.324502 1.383192 4.329736 0
2 0 -0.003836779 1.649211 -0.4003959 -0.5622627 -0.769128 1.117966 1.031553 0
2 0 0.3667722 -0.08930579 0.4029042 0.8935137 1.474763 0.5470392 3.595686 0
2 0 -0.6232352 -0.5327713 0.4646442 -1.981646 -0.4315615 0.5491589 -2.55541 0
2 0 -0.2208761 -1.274773 -0.1499277 2.24061 0.9804698 1.845687 3.42119 0
2 0 -0.1162709 0.5123311 -0.2817094 0.3792763 0.8521501 -0.1770337 1.168744 0
2 0 -1.340783 0.6666839 1.202795 2.201942 0.3300837 1.484247 4.54497 0
2 0 1.501769 1.664346 0.9420772 -0.5615516 -1.063452 -0.1330686 2.35012 0
2 0 0.6629125 2.74728 0.4280256 -1.075378 0.6378537 0.1448423 3.545536 0
2 0 0.5928881 0.2876886 0.2792695 2.010086 0.1711794 0.04669692 3.387809 0
2 0 -1.138155 -0.316276 -0.9387375 0.5075927 0.6686719 0.1693819 -1.047522 0
2 0 -0.3810974 -1.063411 -0.8516507 -0.666049 -1.203136 -0.05893584 -4.22428 0
2 0 0.08440632 -1.506392 -0.3645185 -2.605367 -1.935562 -2.408362 -8.735796 0
2 0 0.9138591 0.7815247 -0.1909497 -0.3792554 1.220066 -0.8696871 1.475557 0
2 0 -0.5561337 0.8324075 0.5261991 0.341369 -0.7040385 0.1766216 0.616425 0
2 0 0.7123502 -0.575933 -0.8445214 1.023079 -0.04049986 -0.2492279 0.02524656 0
2 0 0.6289067 0.3905998 -0.2248717 0.02903052 0.2131886 0.9326266 1.96948 0
2 0 0.09754424 0.3986169 0.2757521 -0.6822427 -0.3881661 -0.4623655 -0.7608611 0
2 0 0.9248156 1.65769 1.338265 0.3401204 0.03005597 0.1660375 4.456984 0
2 0 1.164133 1.834309 2.312301 1.506435 0.2946376 -0.05684214 7.054974 0
2 1 1.296742 -0.1508611 0.8318151 -1.578499 -0.5642187 -0.4754472 -0.6404697 1
2 1 0.1084602 0.961411 -0.5643825 0.6728704 -0.5853394 -0.1701936 0.4228261 1
2 1 -0.6299503 -0.4506968 1.047622 -1.023534 -0.9929901 -0.06320826 -2.112758 1
2 1 -0.02479228 0.4845531 0.9138182 -0.7170263 -0.2330998 0.06960558 0.4930585 1
2 1 -0.8751949 0.2583326 0.4821797 -1.035737 -0.3576851 0.6459793 -0.8821251 1
2 1 0.1744458 0.484581 0.2398346 -1.064165 -1.786045 -0.7099519 -2.6613 1
2 1 1.43752 2.479628 1.667951 0.6909402 0.786056 -0.1466391 6.915456 1
2 1 1.735389 1.229058 0.9243034 0.4695913 1.530839 -0.7567039 5.132476 1
2 1 1.431013 1.005795 1.118113 0.05333149 -0.3777977 -0.6582187 2.572236 1
2 1 -0.9187006 -1.11576 -1.298665 1.389339 0.6754326 0.2335481 -1.034806 1
2 1 0.2757009 -0.5208089 -0.8208209 1.764307 1.155203 0.8300393 2.68362 1
2 1 1.030423 -1.836404 -0.1930563 -0.2146593 0.06530959 -0.06539779 -1.213785 1
2 1 -1.09961 -0.0167177 -0.4764159 0.2640464 0.4516346 -0.4892157 -1.366278 1
2 1 1.108773 -0.005431232 -0.2606831 0.8331886 0.6360325 -0.1054372 2.206443 1
2 1 -0.4742783 -0.209365 0.3474686 0.5448638 0.1235467 0.2932587 0.6254944 1
2 1 -1.919746 -1.591702 -1.616414 0.9695481 0.3998954 0.04845964 -3.709959 1
2 1 -0.00571966 -0.2837506 0.6853065 -1.338986 -0.3526947 -0.7433543 -2.039199 1
2 1 0.7005156 0.8008411 -0.8259846 1.360432 -0.4827543 1.064668 2.617718 1
2 1 -0.5143343 0.4265818 -0.3710595 -1.142069 0.09192555 -0.1216277 -1.630583 1
2 1 -0.7309798 -0.4935095 -0.8419405 0.6819668 -1.283539 -1.20115 -3.869152 1
2 1 1.427933 -0.1114728 2.461514 0.9869331 1.334151 2.006298 8.105356 1
2 1 -0.7656105 -0.8603152 0.2328119 -0.8500194 -0.767878 -0.1711201 -3.182131 1
2 1 0.03933673 0.4840937 -0.04846445 1.765814 1.578438 0.4616555 4.280873 1
2 1 0.3652116 0.6978962 0.4149738 -1.352058 0.08262846 -1.87415 -1.665498 1
2 1 0.7765936 0.945925 0.224377 0.3361019 -0.928821 0.6128837 1.96706 1
2 1 -0.3745998 0.7791273 -0.1607953 -1.513814 -2.251895 -0.07428606 -3.596263 1
2 1 0.997275 -0.1066245 0.2304975 0.1422476 -0.4807871 -0.593771 0.1888375 1
2 1 -1.551207 -1.859974 -1.129029 0.5832927 -0.7113302 -0.4333407 -5.101588 1
2 1 2.104698 1.246272 0.7505429 -0.2653267 0.2404838 0.654282 4.730952 1
2 1 -0.2230322 -1.457119 -1.27379 1.025158 1.379783 1.506595 0.9575954 1
2 1 -0.5231287 0.454887 0.2764262 -0.2799328 -0.6537764 -1.630855 -2.35638 1
2 1 -1.025443 0.04406844 0.175308 1.250297 0.6042363 0.4735431 1.522009 1
2 1 1.218751 1.06472 0.5584221 0.6325049 0.2533399 0.5707848 4.298523 1
2 1 -1.624583 -2.85214 -2.558629 -2.166344 -1.861186 -1.992782 -13.05566 1
2 1 -0.8987165 0.2858673 0.6069731 0.787693 -0.1680839 1.306772 1.920505 1
2 1 0.6371578 1.136961 1.536745 1.546021 0.7319802 -0.01874915 5.570115 1
2 1 0.5726242 0.4418957 0.7268985 0.4089133 1.280479 1.338326 4.769136 1
2 1 -2.417123 -1.117031 -1.553621 -0.2364493 -1.820336 -1.401551 -8.546113 1
2 1 1.935488 0.8383077 1.874293 0.4033398 0.6367374 1.850569 7.538735 1
2 1 -1.504269 0.666644 -0.6516619 0.979544 0.5604121 -0.3953412 -0.3446718 1
2 1 -0.2853349 3.194423 0.6830369 0.5309941 -1.667724 -0.5175411 1.937854 1
2 1 -0.4690425 0.0827754 0.9351426 -1.984595 1.911632 0.9746089 1.450521 1
2 1 0.6144092 0.6878519 0.7652999 -1.502341 -0.1286305 -1.232857 -0.796268 1
2 1 1.541691 1.135979 1.810366 -0.4976862 0.3179472 0.499533 4.80783 1
2 1 2.057277 1.441481 0.2433749 0.3993686 0.2403955 0.9033883 5.285285 1
2 1 1.452386 0.2405694 0.6421125 0.1964788 0.2584208 0.8955574 3.685525 1
2 1 0.4511899 -0.6676035 -0.7858741 1.421303 -0.6788933 0.5884744 0.3285963 1
2 1 0.5634954 -0.4072647 1.041527 -0.6745578 -1.252349 1.017054 0.2879056 1
2 1 -1.308914 0.7008312 0.277995 1.064258 0.9381649 1.326946 2.99928 1
2 1 -0.1677233 -1.526178 -0.6021885 0.5118959 3.150081 0.5162092 1.882096 1
2 1 -1.291953 -0.1200035 -0.8642173 -0.193758 -0.3837078 -0.7996909 -3.65333 1
2 1 -0.9037809 -0.8329237 0.00883273 -0.7287654 0.1270588 0.7301078 -1.599471 1
2 1 1.197911 1.061122 0.4214575 -0.5004224 -1.777354 -1.655058 -1.252343 1
2 1 1.093333 0.01915121 0.1546589 2.096864 0.6474613 0.8675446 4.879012 1
2 1 0.3458114 0.8256032 1.279656 0.06442504 -0.4351012 -0.5010547 1.57934 1
2 1 -0.3858104 0.6628868 -1.639337 -1.749557 -0.04483952 -1.476091 -4.632748 1
2 1 0.8204771 1.738345 1.99147 1.405791 -0.4507831 0.7985582 6.303859 1
2 1 -0.510432 -0.3528741 1.187966 -1.291751 -0.4391355 -0.5682442 -1.974471 1
2 1 0.05571642 0.5286787 0.4145523 1.527991 0.4333007 0.3805432 3.340782 1
2 1 -0.9113015 0.4367389 0.1748297 0.06706443 0.4101059 0.3435065 0.5209439 1
2 1 -2.240521 -1.634195 -2.231653 0.4626095 -1.44022 0.4848173 -6.599162 1
2 1 -0.3049281 -0.9804785 -1.402368 -1.920437 -0.791631 -0.7075731 -6.107416 1
2 1 -0.3634562 0.5647427 -0.1780571 0.7070327 1.029336 0.8803338 2.639932 1
2 1 0.5423998 -0.9440917 -1.341545 1.112847 -0.357381 0.157318 -0.8304535 1
2 1 0.05196282 0.1860134 2.164493 0.5625909 1.285093 0.1524146 4.402567 1
2 1 2.650548 1.744073 1.211244 0.6815359 1.280549 1.017392 8.585342 1
2 1 -0.6788485 -1.377199 0.8203368 0.3149197 0.6248578 1.910618 1.614685 1
2 1 0.03388463 -0.2436834 -0.8835204 0.2993504 0.4531736 0.02471822 -0.3160769 1
2 1 1.02448 0.1619986 -0.5120509 0.7322392 0.07197818 0.4374307 1.916076 1
2 1 0.4201235 0.5859996 -0.3542622 0.5087724 0.3164136 -0.4933665 0.9836803 1
2 1 1.027962 0.5084694 0.9134256 1.230104 -0.3601962 -1.162925 2.15684 1
2 1 1.439406 0.9497018 0.4357139 1.107514 1.058267 -0.9952461 3.995357 1
2 1 -0.7032659 0.8036306 0.6601095 1.258682 1.921018 -0.2120766 3.728098 1
2 1 -0.4506486 0.1779454 -0.8166946 0.3406193 0.3804821 -0.4798817 -0.8481781 1
2 1 0.2750736 -1.262667 -1.213313 -0.6853237 0.4846703 -0.4157218 -2.817282 1
2 1 0.1979177 0.7392098 0.1083273 1.279903 1.048137 -0.1343459 3.23915 1
2 1 -1.286165 -2.313015 -1.704113 -0.4438946 -0.7172211 0.1350314 -6.329377 1
2 1 -0.9394091 0.7613884 -0.1445576 1.388867 1.598954 0.6911466 3.356389 1
2 1 0.5388381 -0.5052939 0.553875 1.758199 0.9287685 1.975012 5.249399 1
2 1 0.1919452 0.2373961 -0.8328104 -0.2248412 0.9924814 1.593235 1.957406 1
2 1 -0.3581115 -0.7244703 -0.8596685 0.5145881 -0.05258301 0.4731832 -1.007062 1
2 1 -0.2710378 0.2337503 -0.8348995 0.2471318 1.369846 0.3696641 1.114455 1
2 1 -0.1840406 -1.832507 -0.9413172 -1.70469 0.4849158 -0.4755202 -4.653159 1
2 1 0.3849488 -0.5344969 1.026083 0.5449112 -1.115885 -0.6340759 -0.3285145 1
2 1 -1.870581 -1.597098 -1.784306 0.5363694 1.866889 0.1580306 -2.690697 1
2 1 0.6164127 0.7443692 1.038193 -0.008129389 -1.287513 -0.5763727 0.5269596 1
2 1 0.83714 -0.3594074 -0.8342007 -1.251354 -0.08900864 -0.104006 -1.800837 1
2 1 -1.751218 -1.413222 0.7955927 -0.3575245 -0.3700547 -0.3923754 -3.488802 1
2 1 -0.0780146 1.105635 -0.2958599 -1.353825 -0.2242038 -0.4237778 -1.270046 1
2 1 1.37346 1.09633 1.048243 -0.2292235 -0.5192427 -0.04678639 2.722781 1
2 1 -0.3123229 0.2101491 -0.5381862 -1.096381 -1.004505 -0.7646873 -3.505934 1
2 1 0.8335572 -0.2803843 -0.6447098 -0.7047008 0.6079563 -1.414517 -1.602798 1
2 1 -0.7266435 -0.8334426 -1.274127 0.8031872 0.1172752 -1.511106 -3.424856 1
2 1 -2.362442 -0.02392723 -0.8352343 -1.447199 0.4893498 -1.316683 -5.496136 1
2 1 0.6648845 0.5005021 -0.565431 -0.887397 -0.6960024 0.2610696 -0.7223743 1
2 1 0.5456215 -0.240453 0.05280618 -0.4390044 -0.9732119 1.349 0.2947586 1
2 1 0.4879384 0.2387884 0.0887092 1.296035 1.165664 0.17638 3.453515 1
2 1 1.017508 2.170573 0.4812581 -0.3948234 -0.1603621 0.2262296 3.340383 1
2 1 -0.361614 -0.2493285 -0.3428812 0.1231823 -0.5369095 1.271231 -0.09632008 1
2 1 -1.033231 -0.4852744 0.1670512 0.8240698 1.158272 2.019765 2.650652 1
2 1 0.083358 -0.7599144 -0.1329277 0.2035547 -0.005245969 0.3554412 -0.2557341 1
2 1 -0.9283217 -1.894018 -0.7553697 -1.153439 -2.140719 -2.515553 -9.387421 1
2 1 -0.471834 0.372813 -0.4770848 -0.7474002 -0.1677868 -0.2273601 -1.718653 1
2 1 0.2823758 0.8035763 -0.6367163 0.6413634 0.7919565 1.81968 3.702236 1
2 1 0.9635538 1.120323 0.6567343 -1.684934 -0.2960885 0.6918606 1.451449 1
2 1 1.338443 1.026286 2.232242 -0.1059446 0.5360673 -1.066281 3.960813 1
2 1 -1.223138 -0.8271581 -0.6574195 0.6021774 0.7984441 1.311062 0.003968553 1
2 1 2.19621 0.8739291 0.0515659 0.8450665 0.8666365 0.3318896 5.165297 1
2 1 -0.2511129 -1.169109 1.108413 -1.00961 -0.7062687 -0.7828804 -2.810567 1
2 1 0.4874713 0.7675217 -0.6868156 0.5526144 1.248562 1.785597 4.154951 1
2 1 -2.105514 0.1102618 0.6472743 1.661501 1.301579 2.056265 3.671367 1
2 1 0.5088987 0.7352893 1.521316 -2.302257 -1.507523 -1.207417 -2.251694 1
2 1 0.5172773 0.4230605 -0.5581475 1.09702 1.930037 0.1355454 3.544793 1
2 1 0.2111133 -0.4335329 1.911995 0.8411917 -0.2701864 0.8751166 3.135698 1
2 1 0.4434885 -1.164204 0.1255951 0.8037129 2.471177 1.171545 3.851315 1
2 1 -0.6474806 0.5048859 -1.202269 -2.050405 -1.568589 -1.662931 -6.626789 1
2 1 -0.7887737 -0.1328489 0.2242023 0.3405926 1.500273 1.434149 2.577595 1
2 1 0.08469789 -0.8876382 1.69354 1.460744 -0.6208488 0.0753066 1.805802 1
2 1 -0.9044389 -0.3642898 -1.392311 0.3515867 -1.246282 0.7098699 -2.845865 1
2 1 -0.1086785 0.1828461 0.8150356 0.4374688 1.438619 1.54397 4.309261 1
2 1 -0.38493 -0.8834514 -1.153925 -0.09570995 -0.5715563 0.1592906 -2.930283 1
2 1 -0.109828 -1.154136 -2.014551 -1.432971 -1.218115 0.6614828 -5.268118 1
2 1 1.512773 0.2348672 1.131311 1.229513 0.0360952 1.663505 5.808066 1
2 1 -0.9946935 -1.294107 -2.040257 0.7689535 -0.1560763 1.278582 -2.437598 1
2 1 -0.4962533 1.236793 -0.08149688 -0.4616801 0.3489643 -0.4826846 0.06364248 1
2 1 -1.448123 -2.178979 0.05952325 0.01458956 -0.006100701 -0.4557949 -4.014885 1
2 1 0.5217478 -0.5773931 1.150499 0.6713742 -0.001084413 -0.8921706 0.8729726 1
2 1 -0.4341366 -0.5861478 0.9707119 -0.02774282 -0.1901331 -2.20806 -2.475508 1
2 1 -2.331388 -0.2514876 -0.2879717 -1.74056 -0.9901187 -1.190856 -6.792382 1
2 1 -1.216661 0.2122605 0.5846221 0.3165037 1.007314 1.013862 1.917902 1
2 1 0.1441107 -1.899557 0.8660919 1.141503 -0.6519868 -1.213936 -1.613774 1
2 1 -0.2429997 0.01154693 -0.7126531 1.605191 2.030368 1.784308 4.475761 1
2 1 -0.2605842 -0.4720238 -1.26483 -0.8588043 -0.9226512 -0.5414872 -4.32038 1
2 1 -0.5054841 -1.181653 -0.6946627 -1.036222 -0.6611289 -1.047812 -5.126963 1
2 1 -0.09538791 1.354226 0.7792448 0.4241474 0.4219492 -0.02047388 2.863705 1
2 1 -1.33217 -0.9917221 -1.117524 0.9350597 1.098034 1.121421 -0.2869011 1
2 1 0.04694332 1.810341 0.980358 0.8884073 0.4554014 1.109312 5.290763 1
2 1 0.301416 -0.4389648 -0.8969994 -0.310797 1.41204 -0.07639991 -0.009704856 1
2 1 1.176503 -0.842887 0.02475967 -1.157317 -0.684326 -1.256892 -2.740159 1
2 1 -0.6071842 -0.05256857 -1.593874 -0.04650181 -1.185217 -0.09856718 -3.583913 1
2 1 1.212203 1.909346 0.1263708 0.1017773 0.4892686 0.8071455 4.646112 1
2 1 0.582498 0.6372675 0.1468549 1.787263 0.290166 1.005292 4.449342 1
2 1 0.9369375 -0.4195786 0.07949478 -0.6762756 -0.3490346 -2.087176 -2.515632 1
2 1 0.2836828 0.581455 0.5763428 -1.334464 -1.219602 -1.227779 -2.340364 1
2 1 -0.09993601 1.062296 0.5678279 -0.04607355 0.6790484 0.5679715 2.731134 1
2 1 -0.9725874 -0.67231 -1.700835 0.7521452 1.343833 0.8579305 -0.3918242 1
2 1 -0.4279064 -0.9618207 -0.9296565 0.970949 1.017719 0.4307136 0.09999792 1
2 1 0.2273484 -0.08809114 0.1325712 -0.3401842 -0.2241208 0.003469522 -0.289007 1
2 1 1.221819 0.289897 0.6603959 0.7710989 1.189162 1.664636 5.797009 1
2 1 -0.007272499 -0.5948845 -0.859734 -0.08690324 -1.37043 0.4910949 -2.42813 1
