1 -1 -0.340072 -0.8666254 -0.7797968 0.04922032 0.5623902 -1.255841 -2.630725 -1
1 -1 -0.3379941 0.506372 0.1663405 0.03108932 -1.967741 -0.500932 -2.102865 -1
1 -1 1.201058 -0.5378896 -0.184985 0.7080614 0.06648177 0.01188457 1.264611 -1
1 -1 0.4303715 -0.855852 -1.960301 -0.397756 1.278664 -0.6803271 -2.1852 -1
1 -1 0.2228317 1.105253 0.5208361 -1.542204 0.3794435 1.278253 1.964413 -1
1 -1 -1.544532 -0.7913243 0.1257895 -1.896646 -2.081761 0.4880959 -5.700378 -1
1 -1 0.8924118 -0.2049286 -0.5119073 -1.702705 -0.1892048 -0.1801229 -1.896457 -1
1 -1 -0.594636 -1.139476 -0.1513078 0.07720032 1.271704 1.685525 1.14901 -1
1 -1 -1.051653 0.7651776 -1.055841 -0.640155 -2.345319 -1.222878 -5.550668 -1
1 -1 0.06522379 -1.647599 -0.1470018 0.7088084 -0.3838306 -1.05438 -2.458779 -1
1 -1 -0.5465929 -0.5182374 -1.510771 -2.375371 -1.530345 -1.171468 -7.652786 -1
1 -1 0.5383653 0.7538288 -0.2405829 -0.9104265 0.7058 0.4048503 1.251835 -1
1 -1 -1.53384 0.7020188 0.5811915 -0.7899036 -0.7299086 -0.7217003 -2.492142 -1
1 -1 0.9018703 0.90302 -0.139403 -0.1025805 -1.617491 -0.6603321 -0.7149163 -1
1 -1 0.4762616 0.1767032 -0.09987999 -0.4396251 -0.7305511 -0.9264986 -1.54359 -1
1 -1 -0.7861641 -0.6990227 -0.3692924 -0.03483391 -1.464338 0.1453636 -3.208287 -1
1 -1 -0.8704773 -1.22128 -1.647434 0.965688 -0.2774623 0.5327567 -2.518209 -1
1 -1 -0.4933377 0.6720458 -0.1744631 -1.098423 -0.1051806 0.4530724 -0.7462861 -1
1 -1 -0.6657714 -0.6669873 -1.205183 -0.1229078 1.310191 1.824163 0.4735041 -1
1 -1 0.3940036 -0.9564425 0.2802225 -0.8556381 -1.371517 -1.586996 -4.096367 -1
1 -1 0.435517 0.3410474 0.4712889 -0.0426717 0.2378181 1.296345 2.739345 -1
1 -1 -0.04406385 -0.04955578 -1.169639 -0.1813619 -0.6533473 0.347074 -1.750893 -1
1 -1 -0.4021781 -1.723289 0.4409956 -2.282394 -1.195497 -0.7745244 -5.936887 -1
1 -1 -0.1077517 0.722294 0.07212189 0.6221388 -0.7257532 0.1821088 0.7651587 -1
1 -1 -0.4454763 0.967856 0.2164573 0.1303373 1.032966 1.76757 3.669709 -1
1 -1 -0.2242123 -0.3738788 -1.373621 -0.7125869 -0.6031395 0.5547596 -2.732679 -1
1 -1 -0.782709 0.2542926 -0.2026184 -1.232238 -2.845096 -0.4160865 -5.224456 -1
1 -1 -0.831467 -0.9053114 0.2292375 -0.7220539 -0.5195203 -0.6853474 -3.434462 -1
1 -1 0.9871836 0.6407266 -0.5492896 0.7236585 0.3377395 2.609888 4.749907 -1
1 -1 0.7710385 0.9763945 1.736804 0.7789786 1.374301 1.139136 6.776653 -1
1 -1 0.1639942 0.9939225 0.06198601 1.954911 1.46126 1.087872 5.723946 -1
1 -1 -1.554747 0.8722306 0.06425321 0.5647265 -1.409267 -0.6121655 -2.074969 -1
1 -1 -0.3709821 -0.3443479 -0.1527597 -0.4952643 -0.709676 -1.44462 -3.51765 -1
1 -1 0.730073 -0.1602473 -0.2479571 -0.2983046 -0.5518188 -0.784504 -1.312759 -1
1 -1 0.05218274 -0.143197 1.454927 0.4347767 0.03621436 0.5389918 2.373896 -1
1 -1 1.243661 1.101312 0.2510513 1.476835 1.972604 1.377953 7.423415 -1
1 -1 1.08009 0.09768706 0.5993161 -0.3735506 0.3590899 0.3311981 2.093831 -1
1 -1 0.9904253 0.7504474 1.46793 0.8451816 -0.1080936 1.88258 5.82847 -1
1 -1 0.2950394 0.1276281 0.6394045 1.108625 2.21635 1.505695 5.892742 -1
1 -1 1.019454 -0.4420864 -0.4155961 0.7898506 0.3303499 1.867587 3.149559 -1
1 -1 0.7420046 -2.444783 -1.47374 -0.3680836 -0.05083448 -1.602137 -5.197574 -1
1 -1 -0.1356223 -1.605641 -0.09066279 -2.688981 -1.937238 -1.966545 -8.42469 -1
1 -1 -0.831421 0.8684107 -0.01399743 0.6922041 -0.43079 0.5676453 0.8520516 -1
1 -1 -0.225209 -1.197058 0.289181 -0.8001211 -0.8230321 -0.429464 -3.185704 -1
1 -1 -0.3039486 0.7654001 0.5883525 -0.7173289 0.2179463 0.7675557 1.317977 -1
1 -1 0.4668683 -0.1733373 1.056984 0.05028845 1.614734 1.192027 4.207564 -1
1 -1 0.9026712 -1.558856 -1.024149 -1.056022 -2.853173 -2.26896 -7.858489 -1
1 -1 -2.035126 0.1038184 0.001015388 -1.178607 -1.051097 -0.005531785 -4.165528 -1
1 -1 -0.7128057 -1.253223 1.156096 0.893038 0.7043835 1.494758 2.282246 -1
1 -1 1.144467 0.5986939 0.2233148 -0.03111263 -0.8810343 1.119863 2.174192 -1
1 -1 -0.3726574 -0.292826 0.2525038 0.1730109 -0.5451814 -0.04224438 -0.8273945 -1
1 -1 0.6658801 1.183097 0.9225427 0.8023352 1.160794 2.780789 7.515437 -1
1 -1 1.359539 0.2105742 -0.5752534 -1.302382 -1.217831 -1.356669 -2.882022 -1
1 -1 0.8790958 0.2610593 1.229369 0.3848079 1.171485 0.5556499 4.481467 -1
1 -1 0.1178362 -0.7687764 -0.2801116 -0.4818219 -1.406069 -0.6652637 -3.484206 -1
1 -1 -0.09577258 0.7734773 -0.7328371 -0.2243538 -0.4234055 -0.5982927 -1.301184 -1
1 -1 0.8260942 -0.4477791 1.509046 1.487436 2.287356 0.6732227 6.335376 -1
1 -1 -2.159001 -0.9677338 0.1999038 0.07033327 -0.2718193 -0.3911738 -3.51949 -1
1 -1 -0.1015543 -0.2516093 0.3824163 2.651619 1.749493 1.519293 5.949658 -1
1 -1 0.95387 1.10277 -0.07713848 1.076238 1.557185 0.4603952 5.07332 -1
1 -1 1.528091 1.282227 0.6577823 0.5823399 0.6904499 0.7901567 5.531046 -1
1 -1 -0.01089175 0.1732418 0.4478493 0.9247645 0.5204251 0.4172283 2.472617 -1
1 -1 -0.5470011 0.08356929 -1.990125 -0.5220266 -1.255779 -0.8212602 -5.052622 -1
1 -1 0.7184904 -0.3240788 -0.078387 -0.9074345 -0.3459772 -0.1268658 -1.064253 -1
1 -1 0.3343979 -0.2363672 -0.5414873 -0.4977627 -0.6463599 1.159688 -0.4278911 -1
1 -1 0.3724038 -0.9394996 0.002761672 -0.3244385 0.6568015 0.1559787 -0.07599241 -1
1 -1 -0.7332092 0.3964215 -0.547272 1.197427 1.078692 0.553577 1.945636 -1
1 -1 0.1890162 -0.4056212 0.3901518 -2.193758 0.7154153 -0.8694402 -2.174236 -1
1 -1 -1.162555 0.1512514 -1.008114 0.115258 -2.574515 -1.196957 -5.675631 -1
1 -1 0.07949853 -0.852851 0.8060549 0.5445209 0.3652811 0.8819164 1.824421 -1
1 -1 0.8758209 0.7058308 0.7426945 -0.1051385 1.381856 -1.070951 2.530113 -1
1 -1 -1.003669 -0.5292297 0.1749579 -2.163404 -0.2741127 -1.66767 -5.463128 -1
1 -1 1.255408 0.7715537 -0.3258303 -1.824451 -2.142567 -1.605499 -3.871386 -1
1 -1 -0.6819609 -0.07340215 -0.3552014 -1.140206 -1.804263 -1.518863 -5.573897 -1
1 -1 -0.4421162 -0.6422848 0.04896379 -1.848588 -1.455736 -0.5332015 -4.872963 -1
1 -1 -0.1391066 0.7302219 0.0572901 0.2921095 0.6435617 -0.6794621 0.9046145 -1
1 -1 1.0875 0.2192126 0.8741628 1.244207 -0.08987384 1.981264 5.316472 -1
1 -1 0.03488423 -0.08170596 -0.1625191 -1.206888 -0.3558785 -0.03908199 -1.81119 -1
1 -1 0.7072686 0.8518928 -0.5701508 0.7784945 2.170067 1.002383 4.939954 -1
1 -1 0.08391251 0.7999096 2.262214 0.6530462 0.6354182 -0.5630002 3.8715 -1
1 -1 0.2850947 0.9983671 0.2835618 1.803944 0.9110009 1.909429 6.191397 -1
1 -1 0.4059599 -0.384874 -0.223337 -0.305798 0.3842384 0.9631157 0.8393049 -1
1 -1 -1.376013 -0.5227049 0.05858359 -0.3052405 0.3484015 0.2982371 -1.498737 -1
1 -1 -0.08374473 -1.185848 0.7707398 -1.587153 -0.4258706 -1.23268 -3.744558 -1
1 -1 0.1620643 0.1259492 0.6885246 1.649266 0.3569431 0.6874823 3.670229 -1
1 -1 -1.981361 0.6066059 -0.334529 -1.346421 -0.8287404 -2.600909 -6.485355 -1
1 -1 -0.642546 -0.4366144 -0.7943423 -2.317005 -1.297325 -1.804219 -7.292052 -1
1 -1 0.9169893 0.6093254 0.009353369 1.031518 0.6609304 -0.1374827 3.090634 -1
1 -1 -0.5795008 -1.657435 1.188216 -0.8221651 -0.8019551 -0.5339052 -3.206745 -1
1 -1 0.2477036 0.07527014 -1.325156 0.4779053 -0.7955146 0.2362281 -1.083564 -1
1 -1 0.5466789 0.5529118 1.644563 1.788302 -0.1865273 -0.6326816 3.713247 -1
1 -1 1.454061 -0.4902765 -0.4970577 2.067013 0.9309291 2.461911 5.92658 -1
1 -1 -0.2436527 0.6321648 -1.548685 0.9623961 0.3175963 -1.597698 -1.477879 -1
1 -1 -0.7153304 0.03156935 -0.7396145 0.2796769 0.2284917 1.081373 0.166166 -1
1 -1 0.6115226 -1.478178 0.04220299 -2.246363 -3.162812 -2.572984 -8.806612 -1
1 -1 0.1540964 0.1870254 0.05227533 1.237528 -1.185595 0.4275637 0.8728935 -1
1 -1 -0.3025404 0.1508515 -1.801698 -1.041417 -1.350377 -0.7985747 -5.143756 -1
1 -1 -0.5513432 1.229424 0.1699608 -0.9608407 0.5771701 0.8634141 1.327785 -1
1 -1 0.5454992 -1.599236 0.8301994 0.4431826 0.1356302 0.01975284 0.3750278 -1
1 -1 -1.149982 -0.9438816 1.500219 -1.047361 -1.786835 -0.5464923 -3.974333 -1
1 -1 -0.08338403 0.7052405 0.101561 -0.7975287 1.45629 -1.607966 -0.2257877 -1
1 -1 0.1040441 -0.9992687 -1.061264 -0.2487234 0.2836969 0.4297297 -1.491785 -1
1 -1 -0.5474424 0.5699663 0.1054552 -0.1771696 0.1721214 -2.225912 -2.102981 -1
1 -1 -0.3676845 -0.2733928 1.137849 1.977559 1.321715 1.816955 5.613001 -1
1 -1 -0.2467123 -0.8136563 0.6348277 0.1963502 -0.4339389 -0.3777363 -1.040866 -1
1 -1 0.5443358 -0.7581095 -0.409804 0.8288178 -0.766989 0.7156902 0.1539414 -1
1 -1 0.9320279 -0.2529185 -0.7709271 0.257908 0.1888377 -0.1940624 0.1608656 -1
1 -1 0.567359 -0.6961756 -0.4562015 -1.54588 -2.899638 -2.39285 -7.423387 -1
1 -1 0.2473646 0.5189033 0.6028913 0.2383309 -1.087626 -1.547765 -1.027901 -1
1 -1 -1.028152 -0.7543489 -2.569439 -0.1157776 -0.5034344 -0.5219814 -5.493134 -1
1 -1 -0.2091345 0.2458252 0.4690542 -0.5720553 -0.6791943 0.2762037 -0.4693009 -1
1 -1 -1.329997 -0.5699802 0.6286672 -0.317424 -0.7246759 -0.6558449 -2.969255 -1
1 -1 -0.4441412 0.8343019 -0.4606925 -0.1899883 1.65477 -0.8321995 0.5620506 -1
1 -1 0.489285 0.09060412 -0.5385615 -1.865774 -0.9762095 -1.501446 -4.302102 -1
1 -1 -0.4256817 -0.7085345 0.3500263 -0.7386741 -1.008407 -1.314825 -3.846096 -1
1 -1 -1.210715 0.2743511 1.061642 -0.4036756 0.1435747 -0.6110348 -0.745857 -1
1 -1 -0.8088043 -0.6057619 -0.1511555 1.599048 0.5850683 -0.06243442 0.5559601 -1
1 -1 -0.7692927 0.3365124 1.826797 1.898603 2.535286 1.548627 7.376532 -1
1 -1 -1.049652 -0.0295368 -0.4977941 -0.554536 0.1528452 -0.5834324 -2.562106 -1
1 -1 -1.710335 -0.2253494 -0.5030209 -1.140185 -1.841232 -2.013024 -7.433146 -1
1 -1 -0.5802523 1.255396 0.7885116 0.2828059 -0.09613233 -0.3741877 1.276141 -1
1 -1 -1.41153 0.612785 -1.37644 -1.864125 -1.03724 0.3214966 -4.755054 -1
1 -1 -0.2771976 0.5794069 -0.4355274 -1.621366 0.6425502 -1.329417 -2.441551 -1
1 -1 -1.101376 -0.2332162 0.516401 -0.4716998 0.06754356 -1.559779 -2.782126 -1
1 -1 -1.106795 -0.06391486 0.2096451 -0.2214181 0.4721833 -0.03993095 -0.75023 -1
1 -1 -0.9993689 -0.8704555 -0.5400891 -1.76736 -0.989584 -0.6682441 -5.835102 -1
1 -1 1.080775 1.571237 0.2812807 4.272198 3.26299 3.075037 13.54352 -1
1 -1 -0.5213973 -0.5560245 -0.0525039 1.655895 2.737004 0.7277426 3.990716 -1
1 -1 1.010933 1.478301 -0.1501193 -1.106181 0.1799791 -0.6298833 0.7830291 -1
1 -1 -0.1068275 0.846159 -0.5375489 -0.1470442 -1.018093 0.5123465 -0.4510084 -1
1 -1 0.3948901 0.7121283 -1.286331 0.9829568 0.1976649 1.215668 2.216976 -1
1 -1 -0.5825069 0.0578643 -1.136984 0.3831352 0.05899247 -0.7847515 -2.00425 -1
1 -1 0.6015263 -0.3696167 -0.1938111 1.183855 -0.9299576 -0.7593705 -0.4673747 -1
1 -1 0.4787404 -0.09434478 -1.111395 -1.199713 0.8134095 -0.7811384 -1.894441 -1
1 -1 1.10108 2.321983 0.6279437 1.045883 0.9482953 0.7053347 6.75052 -1
1 -1 -0.1675672 -1.379587 -0.7298833 -2.224997 -1.084987 -1.589549 -7.17657 -1
1 -1 -0.4912478 -0.610788 -0.0319685 1.662478 -0.3332386 -2.762438 -2.567203 -1
1 -1 1.443836 -1.219979 0.7755738 0.6940204 -0.07251229 -0.4757096 1.145229 -1
1 -1 -0.1901328 0.8504608 -0.1275451 -1.388321 1.138468 -0.8611793 -0.57825 -1
1 -1 -1.319662 -0.09087386 -1.834344 -1.154243 -0.5181545 -1.724009 -6.641286 -1
1 -1 0.4856695 -0.3309976 0.2556629 -0.0873179 0.8398561 0.4218405 1.584714 -1
1 -1 -0.3332627 -0.5831484 0.4346572 -1.839965 -1.261772 -0.4519342 -4.035424 -1
1 -1 1.885693 -0.2232078 0.591982 0.4904605 1.773912 0.9254159 5.444256 -1
1 -1 -0.1254853 -1.047429 -1.593234 -2.009366 -1.273497 -2.393357 -8.442368 -1
1 -1 1.134495 0.2515165 -0.1003403 0.2471196 -0.6562008 -0.9338982 -0.05730817 -1
1 -1 0.8329801 -0.6440898 -0.2682753 -1.71218 0.4337734 0.08346307 -1.274329 -1
1 -1 -0.924101 -0.9649059 1.155565 -0.3676657 -1.026663 0.3172654 -1.810505 -1
1 -1 1.584437 0.3685665 0.3119977 2.439323 0.3701586 0.8072953 5.881778 -1
1 -1 -0.8716512 2.471466 -0.1574535 -0.2868969 -1.057448 -0.5732419 -0.4752252 -1
1 -1 -0.6714465 -0.04844744 0.3255063 1.10042 0.325708 -1.133377 -0.1016358 -1
1 0 0.9321943 0.3727566 -1.232518 0.1510865 -0.4812371 0.3788754 0.1211573 0
1 0 0.3683713 0.2728497 0.3124296 1.631013 0.4881283 1.420088 4.49288 0
1 0 -0.4480836 -1.071087 -1.772696 0.2299485 -0.5463482 -1.210621 -4.818887 0
1 0 -0.8439654 -0.009401951 -0.2121324 0.5177231 0.9307217 1.153849 1.536794 0
1 0 0.07926401 -1.004822 0.4540645 0.05472011 -1.953143 -0.9623317 -3.332248 0
1 0 1.471522 1.075836 -0.1096904 0.01645178 0.09718619 0.891596 3.442902 0
1 0 -0.5566485 0.4201526 0.3750599 1.210988 2.9465 1.059416 5.455469 0
1 0 2.233277 0.8987901 1.447447 -0.01961521 1.442218 1.998242 8.000358 0
1 0 0.6099468 -0.4445122 0.3032059 -0.187135 -0.4182967 0.2583864 0.1215952 0
1 0 1.202876 -0.1509254 -0.8033303 0.1937193 -0.1068368 -0.5864657 -0.2509635 0
1 0 1.14821 1.383452 1.349723 1.314777 1.5168 1.594747 8.30771 0
1 0 -0.8512514 -0.3760503 -1.530205 0.9273388 0.5187831 -1.25722 -2.568604 0
1 0 0.2081384 0.5646915 0.8969391 2.646985 1.594833 2.24891 8.160498 0
1 0 -0.2095119 0.5337473 0.5353162 -1.539713 -1.013138 -1.174345 -2.867645 0
1 0 -1.605542 0.9784213 -1.522955 -1.605917 -1.412298 -2.782662 -7.950953 0
1 0 -0.08822624 -0.1917266 0.1978928 -1.276059 -0.639163 -0.106692 -2.103974 0
1 0 -0.978088 -0.3590858 -0.6305746 -1.719087 -1.518048 -0.60974 -5.814623 0
1 0 0.2092851 0.06763575 -0.1052709 1.111387 -1.380268 -1.776574 -1.873805 0
1 0 -0.10642 0.9354142 -1.010819 -1.829348 -0.6087097 -0.7905532 -3.410435 0
1 0 0.9302887 1.136178 0.5434615 0.9168167 1.282414 2.631172 7.44033 0
1 0 0.2394326 -0.1923101 0.3532248 -1.74852 -0.00344844 -1.209605 -2.561226 0
1 0 -0.7663345 1.292494 1.37057 1.981479 2.57832 2.269494 8.726023 0
1 0 -0.7080296 -0.6892473 0.8468178 -0.6746509 -0.06976864 -0.2003227 -1.495201 0
1 0 0.444151 0.6503923 0.8982989 -0.06129544 0.1859855 -1.306435 0.8110972 0
1 0 0.1306055 -1.03563 -0.4897477 0.02366307 1.254452 1.07773 0.9610736 0
1 0 0.2591676 -0.5220699 0.08171989 0.1151991 -1.414544 1.583893 0.1033658 0
1 0 -0.1887864 1.05902 0.2330209 1.217836 2.465503 0.308778 5.095371 0
1 0 -1.66499 1.723023 -0.1358305 -0.1130423 -0.04577017 -0.08800815 -0.3246174 0
1 0 -1.711443 -0.8734392 -1.901539 -1.071311 -2.068055 -0.7405407 -8.366327 0
1 0 0.1078559 0.4904919 -0.002854667 1.243157 -0.7232845 1.638869 2.754235 0
1 0 -0.2317866 0.5359146 -0.3050232 1.093826 0.4241138 0.1416189 1.658663 0
1 0 -0.2999254 0.2460813 0.2759962 -0.08776836 -0.5476655 0.4633793 0.05009741 0
1 0 0.3172946 -0.5504302 0.5462958 0.5750621 0.8729938 -0.4726878 1.288528 0
1 0 -1.063228 0.4099792 -1.188192 -1.313764 -1.114573 -0.6284415 -4.898219 0
1 0 1.240286 -1.047152 1.29697 -0.1322818 -0.5125918 0.1926351 1.037866 0
1 0 -0.8647354 -0.8650332 -0.2724626 -0.9001713 0.429607 -0.2480071 -2.720803 0
1 0 0.3758929 -0.3585923 -0.3466538 -0.3804263 -0.9186662 0.4449015 -1.183544 0
1 0 0.4653524 0.09772106 -0.1234669 -0.3119468 -0.5783389 0.7833266 0.3326473 0
1 0 -0.4473786 -1.206885 -0.7338777 -0.8467606 -2.201633 -1.312341 -6.748875 0
1 0 -0.7635922 -1.559339 0.4654756 -0.5449313 -1.006876 -0.3590666 -3.76833 0
1 0 -1.135852 -1.336404 0.9150738 -2.404667 -2.3654 -1.811147 -8.138396 0
1 0 0.2551586 0.7233003 0.1183106 -0.5254787 -0.5766987 0.8900225 0.8846146 0
1 0 0.5753298 0.2909949 0.7033251 -0.2514393 1.235025 0.3845442 2.93778 0
1 0 -0.9460307 -0.9898801 -0.4932354 -1.009106 -2.453129 -2.437459 -8.32884 0
1 0 0.8470252 -0.8577744 0.09213771 0.1312359 -0.9031679 -2.197206 -2.88775 0
1 0 0.7443743 -1.443121 1.053614 0.7179793 0.4220794 0.9794876 2.474414 0
1 0 0.7569932 0.8918524 1.200713 -1.063479 1.50328 2.099897 5.389257 0
1 0 -1.901933 -1.663987 0.4227382 -0.9036781 -1.549395 0.2906542 -5.305601 0
1 0 -0.4586249 -0.151351 0.6715838 0.2041823 0.8893096 -0.4159801 0.7391197 0
1 0 1.048296 0.6006472 0.7677519 1.345649 0.2068955 -0.4417585 3.527481 0
1 0 0.1713813 1.062875 -0.5045267 1.831483 1.98373 -0.1065557 4.438387 0
1 0 -0.8231622 -0.1037819 0.9207534 -0.9851875 1.038974 1.091655 1.13925 0
1 0 0.9541806 2.993211 1.24777 2.24597 1.594351 2.235088 11.27057 0
1 0 0.6476671 0.1657593 -0.06343906 0.9882585 -0.5787511 -1.253604 -0.09410961 0
1 0 -0.1852279 0.3823232 0.1611757 -1.283828 -0.4845242 0.7604158 -0.6496654 0
1 0 -1.649482 -0.3450462 1.111058 -1.141325 -0.8452474 -1.998092 -4.868134 0
1 0 -0.2736521 -0.4052338 0.3038045 0.3542365 -0.4857895 -0.01113682 -0.5177712 0
1 0 0.7839957 0.08813069 0.8974028 -0.3821156 0.1079485 0.02826148 1.523624 0
1 0 -0.07415401 0.6724698 -0.5061985 0.1812175 1.410684 2.595487 4.279506 0
1 0 -0.5416479 -0.02170246 0.8629263 -0.04608766 0.1578443 1.324032 1.735364 0
1 0 -0.3164873 1.073361 0.6215184 1.115353 1.699817 1.166788 5.36035 0
1 0 0.3891491 0.02078312 1.052336 -1.21183 0.2049139 -0.479078 -0.02372553 0
1 0 1.035028 0.5963174 0.3557626 0.5822948 0.4667628 1.959525 4.995691 0
1 0 -1.048191 0.130686 -0.8529193 -2.25007 0.0503213 -0.4643625 -4.434535 0
1 0 0.1873641 -0.1679057 -0.4831464 -1.363323 -1.410293 -0.3187804 -3.556085 0
1 0 -0.3660042 0.0860438 0.3366599 -0.6735486 -0.5741709 0.6872531 -0.5037669 0
1 0 -0.3357987 -1.555216 -0.7923965 -2.697426 -0.6454929 -2.371755 -8.398085 0
1 0 0.03847766 -0.8856833 -0.6324235 0.3998639 -0.7449717 -0.6843627 -2.5091 0
1 0 0.3617709 0.3800963 -0.4028275 -1.05258 -0.9119151 -1.026012 -2.651467 0
1 0 0.6008306 -0.1808689 -0.09128758 2.339486 1.765737 -0.2294507 4.204446 0
1 0 -0.07538033 1.611895 -0.5816328 -0.14645 -0.8964039 2.231574 2.143603 0
1 0 1.063754 -1.014598 -0.5436627 0.5649453 1.851446 1.588388 3.510273 0
1 0 -1.447137 -0.5640166 1.056196 1.314105 0.3979589 1.131682 1.888788 0
1 0 -1.206783 -0.2672317 -0.1259703 1.687511 -0.1456242 0.8071292 0.7490311 0
1 0 -0.002221602 0.4274496 -1.822785 -0.6719909 -0.4475976 -1.525349 -4.042495 0
1 0 1.580838 0.3077969 0.8056373 3.003551 1.876784 1.756693 9.331301 0
1 0 0.3842525 -0.4693546 0.8907139 -0.1329221 0.9640323 -0.1619063 1.474816 0
1 0 -0.06864665 -0.5134625 0.3276539 -1.283116 -0.2020323 0.1627092 -1.576894 0
1 0 0.2685765 1.705313 -0.8517136 1.114713 -0.3019689 -0.06598502 1.868935 0
1 0 1.621805 -0.2234632 -1.185695 -0.8426561 0.3130368 -0.6165323 -0.933505 0
1 0 -0.4361428 0.5168248 0.1669146 2.077058 1.555822 1.318247 5.198724 0
1 0 -1.481848 -0.8518365 -0.3146947 -0.6305599 -0.7231697 -1.136993 -5.139101 0
1 0 -0.1041109 0.2845198 1.26689 -0.09631334 1.541046 0.1503804 3.042413 0
1 0 0.4094989 -0.1900736 1.683119 1.214233 0.1220904 2.523056 5.761923 0
1 0 0.9913957 -0.1708894 -0.5134625 0.1016522 -0.6945769 0.2527711 -0.03310978 0
1 0 1.832584 0.2389261 0.5662878 -0.7032581 -0.1597144 0.5147323 2.289557 0
1 0 -0.9422357 0.9041231 -0.4792636 -0.2495194 0.3640674 0.667717 0.2648889 0
1 0 -0.7954136 -0.3787767 -2.166732 -2.234463 -1.126141 -0.7425675 -7.444094 0
1 0 -1.057278 1.107867 -0.4174877 -0.8477497 -0.7021625 -0.1572127 -2.074023 0
1 0 0.7682723 0.2556837 0.2236774 2.160918 0.6866433 2.368311 6.463506 0
1 0 0.6459986 -1.028598 -0.4482467 -1.312598 -2.191438 -1.353789 -5.688671 0
1 0 0.2155834 -0.147668 -0.001400649 -0.34462 -0.1055031 -0.6423097 -1.025918 0
1 0 -0.7436958 -0.1759014 -0.3665032 -1.99429 -1.435441 -2.296933 -7.012764 0
1 0 -0.05690471 0.5150185 -0.1151604 0.9312007 -0.7763922 -0.7130501 -0.2152882 0
1 0 0.7156684 -1.567784 0.3783805 1.055161 1.00252 -0.06773716 1.516209 0
1 0 -0.2879677 -0.4899224 -0.6839614 -0.1301362 -1.021315 -2.266852 -4.880155 0
1 0 0.8459397 1.159128 0.4430246 0.5255231 1.557881 1.915919 6.447415 0
1 0 -0.0798735 0.01066908 1.462704 1.976736 2.082631 0.8716228 6.324489 0
1 0 1.438963 -0.4293203 -0.4485827 1.048811 1.39072 0.8956963 3.896288 0
1 0 0.1899783 0.8931554 -0.3023975 -2.311957 -0.1718414 -0.02290372 -1.725966 0
1 0 0.7879946 0.3839352 0.4723803 0.9262984 0.1282628 1.169893 3.868764 0
1 0 -0.4804066 -0.3350186 -0.05921424 -0.03614443 0.95928 0.9123741 0.9608703 0
1 0 -1.346315 -0.1390084 -0.9418831 -0.3525424 -1.071341 -0.6160513 -4.467141 0
1 0 -0.7676105 -0.9605439 -0.9100578 -0.5057079 -0.4076489 0.9608136 -2.590755 0
1 0 0.4279174 0.1055467 -1.286582 0.3509122 0.3444722 0.9814362 0.9237028 0
1 0 0.3387975 -0.4412051 -0.3212716 -0.6890913 -0.9708675 -0.6397501 -2.723388 0
1 0 -1.962181 1.20967 0.1508772 0.8092018 -0.6047401 -0.1347297 -0.5319019 0
1 0 0.7692701 0.7329625 1.140255 0.2827217 0.3426323 -0.6338188 2.634023 0
1 0 0.09109451 0.09883769 0.6958466 -0.001559935 0.02603336 0.4292364 1.339489 0
1 0 1.237035 0.810817 -0.8900663 -1.671566 -0.9934079 0.6408649 -0.8663233 0
1 0 0.9599237 0.008025445 -0.266173 1.875994 2.859827 2.247002 7.684599 0
1 0 -0.327083 -0.7295418 0.1358249 -0.8177017 -0.5590588 -1.171575 -3.469135 0
1 0 -0.7300368 -0.8225953 -0.1030364 0.1930836 -0.5856815 -0.1622626 -2.210529 0
1 0 -0.07892174 -0.3515096 0.3278783 1.07265 1.014137 -1.113461 0.8707727 0
1 0 0.4928012 -0.354687 0.06272281 0.5865772 -0.3634653 0.05430099 0.47825 0
1 0 -0.3909242 -0.1161401 -0.4367601 1.040199 0.5860571 1.122363 1.804795 0
1 0 -0.0685101 0.1870396 -2.094056 -1.705489 0.8570123 0.4912166 -2.332787 0
1 0 -0.4352694 -0.898831 -1.034567 -1.463438 -1.682678 -2.939815 -8.454599 0
1 0 0.6340083 0.9633643 0.4094833 1.881634 0.2514107 1.210116 5.350017 0
1 0 -0.08420578 -0.6879611 -1.533259 -1.23346 -2.917666 -0.7151348 -7.171687 0
1 0 -1.015241 -0.4667523 0.709115 -0.9442403 -2.352602 -1.042016 -5.111736 0
1 0 -0.7445827 -1.109155 -0.6307636 -3.675656 -3.073787 -2.290092 -11.52404 0
1 0 -0.04324655 0.6184136 0.8235347 1.100081 1.111941 -0.720537 2.890187 0
1 0 -1.639273 0.3641325 0.1215227 -1.359074 0.3907053 0.1211103 -2.000876 0
1 0 -0.125582 -0.871764 -1.605273 -0.01150589 -1.064923 -0.05421837 -3.733266 0
1 0 -0.01700331 -1.190947 0.6902184 -2.289933 -0.9338674 -0.4925507 -4.234082 0
1 0 -1.174519 1.170554 0.2568288 1.21634 1.030629 -0.07325885 2.426573 0
1 0 -0.4178455 -1.419425 1.128289 -0.04041502 -0.4708934 -0.5280937 -1.748383 0
1 0 -1.302773 0.1287017 -1.093575 -1.5174 -2.32597 -2.383984 -8.495001 0
1 0 0.8014371 -0.408286 0.6267899 0.1879422 -1.020266 -1.125831 -0.9382133 0
1 0 -0.3670742 0.4363032 -1.114693 -0.5810045 1.591185 0.0004386205 -0.03484519 0
1 0 -0.2788389 1.198747 -1.116237 0.60845 -0.1061357 1.330189 1.636174 0
1 0 0.2134678 -1.108847 0.3394654 -1.219609 2.157156 1.235018 1.616651 0
1 0 2.345048 -0.3719182 0.5555915 1.104769 0.3205599 0.02341783 3.977469 0
1 0 1.306407 0.319211 0.2116277 0.7082669 0.8158586 0.1421491 3.50352 0
1 0 -0.6712596 -0.1691525 -1.227752 -0.08165225 -1.360663 0.1168655 -3.393613 0
1 0 1.134029 1.353308 -0.1735175 2.912191 2.458294 2.27109 9.955394 0
1 0 -1.964722 -0.9366072 -0.08643935 0.1722143 -1.37933 -1.476993 -5.671877 0
1 0 1.148933 -0.4910482 -0.4731296 -0.7318395 -0.6497561 -0.7174237 -1.914264 0
1 0 -0.1603984 -1.209987 0.1381315 -0.5304089 -0.6873742 -0.1451731 -2.59521 0
1 0 0.04540965 0.3683132 1.357607 0.5919081 0.829715 -0.1463605 3.046593 0
1 0 -1.118568 -0.5494864 -0.759597 0.5695419 1.76498 -0.07392432 -0.1670537 0
1 0 0.6864156 0.8414977 -0.3863523 0.3280779 -0.2608912 -0.9311528 0.2775948 0
1 0 0.2068426 -0.6642385 -0.2174957 -0.54601 -0.4024489 -2.552619 -4.175969 0
1 0 -0.338421 -0.9285045 -0.174184 -2.279174 -3.608509 -2.637511 -9.966303 0
1 0 0.5636903 0.2344979 -0.6373699 -0.9078083 1.036658 -0.4345801 -0.1449118 0
1 0 -2.074243 -0.802358 -0.4181976 -0.6438376 -1.316212 -0.06310868 -5.317957 0
1 0 -1.663325 0.1936306 0.1645731 -0.1775278 -1.867329 -0.8871903 -4.237168 0
1 0 -0.4188721 1.180052 -0.9257988 1.09838 1.162872 0.2822952 2.378928 0
1 0 -0.9053252 -0.2885499 -0.1577847 -0.1636879 -0.5759322 -1.526066 -3.617346 0
1 0 0.2142525 0.4841122 -0.3027069 2.123663 0.6112945 1.316645 4.44726 0
1 0 0.4316748 -1.157153 -0.1345344 -0.9340175 -0.5410583 -0.6455533 -2.980641 0
1 0 1.381617 -0.4504431 -0.4841363 -0.4315707 0.7609031 -0.0829408 0.693429 0
1 0 0.5790964 -1.331002 -0.1035629 0.6660099 -0.7653154 0.4657487 -0.4890255 0
1 0 -0.880952 -0.3987663 -0.01903661 -0.4405782 -0.8493285 0.8743801 -1.714281 0
1 0 -0.3778831 0.6574819 -0.8202266 -0.7730427 1.361736 0.4901457 0.5382116 0
1 0 -0.004251892 0.829918 -0.4632913 -1.259048 -0.6344145 -1.90134 -3.432428 0
1 0 0.7942676 -0.04079628 -0.550469 1.206927 2.039399 1.397183 4.846511 0
1 0 0.6068147 -0.4058032 -0.8925335 0.8282172 -0.2967719 0.6441382 0.4840615 0
1 0 0.4413914 1.406061 0.1338894 0.219383 0.1429496 1.735186 4.07886 0
1 0 0.03319153 0.164149 -0.1257193 -0.945216 -1.722325 0.8682587 -1.727661 0
1 0 0.06448662 -1.013607 -0.2340798 -0.8381862 0.004887042 -0.901102 -2.917602 0
1 0 0.4699379 0.3021306 1.20545 1.327407 0.8270893 0.6036103 4.735626 0
1 0 -0.3349904 0.2541065 -0.3520958 -0.4853137 0.7561787 -1.919775 -2.08189 0
1 0 0.9449551 -0.4123375 -1.450713 1.101379 -0.6863249 0.5252069 0.02216519 0
1 0 0.3263162 0.02886626 -1.067236 0.5664688 -0.01631611 0.4890836 0.3271826 0
1 0 0.127301 -0.1077847 1.180802 -0.2132614 0.4189689 -0.1879344 1.218092 0
1 0 -0.1018179 1.206477 0.9772576 0.5663847 -0.5569949 -0.2409537 1.850353 0
1 0 -0.3955381 1.618436 0.4712795 0.9755357 -0.4326424 -0.8445282 1.392543 0
1 0 -1.379234 1.393048 1.014957 -0.1071115 -1.561375 -0.1570663 -0.7967824 0
1 0 0.1398469 -0.6506288 -0.3774834 -0.8268728 -2.478903 -1.326716 -5.520756 0
1 0 0.5002845 -0.1667438 0.1988309 0.07134269 -0.1382278 -1.386585 -0.9210986 0
1 0 -0.2371408 0.8388484 1.250584 0.03590435 0.1774516 1.366018 3.431665 0
1 0 1.148799 -0.3978006 0.5840063 -2.040181 -1.040646 -1.869427 -3.615249 0
1 0 -1.204786 -0.04956925 1.16577 0.5078928 -0.06828934 -0.4953057 -0.1442875 0
1 0 0.567265 0.3957476 0.7140754 -0.454711 -0.8836827 -1.296197 -0.9575023 0
1 0 0.09565788 0.006923361 0.6323228 0.5367007 0.158543 0.3790719 1.80922 0
1 0 -0.02256206 -0.7543636 2.034039 -0.9985218 -1.597195 -2.001656 -3.34026 0
1 0 1.015481 0.9736208 0.7373406 1.927347 1.357721 -0.1182035 5.893307 0
1 0 -1.051766 0.167397 0.5374155 -0.0141017 0.4190356 -0.1453997 -0.08741944 0
1 0 0.7992605 1.046714 0.3139812 1.500736 3.330953 0.5834138 7.575057 0
1 0 -0.0998621 -0.3042223 -0.2578076 0.2665441 0.3599422 -0.02036989 -0.05577563 0
1 0 2.122457 0.2696004 1.202392 -0.4328882 0.02870399 0.7169752 3.90724 0
1 0 -0.1827829 1.486102 -0.5668638 0.7444147 -1.105096 -0.2134188 0.1623549 0
1 0 -0.4013226 0.1747124 -0.2294425 0.4569558 0.3474595 -0.3891575 -0.040795 0
1 0 -1.372355 -0.1266791 -1.77645 -0.6574883 -0.6039114 -0.5051511 -5.042034 0
1 0 -0.02040096 0.359973 0.07921733 -0.6567504 -1.537578 -1.573349 -3.348887 0
1 0 0.3007922 0.8596884 0.5529917 -0.3502543 1.585086 0.05647861 3.004783 0
1 0 0.06384926 0.1900628 0.06534486 1.698087 1.250604 1.791797 5.059745 0
1 0 -0.4765513 -1.645829 0.5342489 -0.3543195 -0.5730804 -0.3879561 -2.903487 0
1 0 0.4869592 0.124491 -0.6024515 -2.153413 -0.2421735 -1.019379 -3.405966 0
1 0 -0.2174251 1.299166 1.490527 0.7693501 0.6468832 -0.5180837 3.470417 0
1 0 0.365672 -0.3724784 -0.4577658 0.6017807 0.2267602 -0.2149876 0.1489811 0
1 0 -1.536342 0.3641129 1.240408 -0.1477445 0.6189659 -0.0860222 0.453378 0
1 0 -1.082096 -1.314231 0.3461596 0.4621602 0.5219657 0.6291436 -0.436898 0
1 0 0.6002412 -0.227605 -1.180236 -1.165326 -0.07927209 0.356507 -1.695692 0
1 0 -1.039806 0.02725206 -0.2625531 -0.2539372 0.4704567 -0.6382881 -1.696876 0
1 0 0.15136 1.419846 0.887868 -0.588156 -0.007905306 -1.117966 0.7450465 0
1 0 -0.2317265 -0.6215928 0.5929163 0.01813774 0.4927937 -0.5046149 -0.2540865 0
1 0 0.7286775 -0.3276579 -0.2571991 0.6153191 0.5544762 -0.5932294 0.7203864 0
1 0 -0.3134288 -0.3256007 0.7046503 0.3595024 -0.976326 -0.03570204 -0.5869049 0
1 0 -0.7856342 0.6084606 0.2971051 1.238746 0.3597668 1.464018 3.182463 0
1 0 -1.53972 0.8027619 1.087784 0.2037528 0.1910839 -0.1280006 0.6176622 0
1 0 0.4455131 0.6265469 0.3155445 -0.1776272 1.563789 0.4114607 3.185227 0
1 0 -0.4489432 -0.7078682 0.491674 -0.9697839 0.160916 0.8013587 -0.6726466 0
1 0 1.075723 0.3224775 -0.2315125 1.172022 1.331116 2.203936 5.873761 0
1 0 1.034676 0.1907661 -0.1509172 -0.7462901 -0.5705977 -1.269215 -1.511578 0
1 0 1.33987 1.437182 0.1511277 0.6112801 -0.1289927 0.1221972 3.532664 0
1 0 -0.9118992 -0.3480275 0.3881947 1.632674 2.102021 2.759328 5.622291 0
1 0 0.08071611 0.01834189 1.591184 -1.583641 -2.272831 -0.8128278 -2.979059 0
1 0 0.2885252 -1.256317 -2.580033 -1.478317 0.6948631 -1.095963 -5.427243 0
1 0 0.5844591 0.3922178 0.5161153 1.063132 1.842883 2.011623 6.410429 0
1 0 0.8377042 -0.8279735 -0.03066667 -0.214104 0.2254351 0.7967539 0.787149 0
1 0 -0.817816 -0.9391518 0.4337967 -2.865549 -0.7391438 -0.9496977 -5.877561 0
1 0 0.4769235 -0.2769474 0.2666653 3.109941 1.040643 2.75868 7.375905 0
1 0 -0.5179148 -1.098185 0.2644125 -2.020221 -0.2700261 -0.6968266 -4.338761 0
1 0 -0.6989182 0.4276803 0.1105918 1.46356 -0.2174881 0.4044159 1.489841 0
1 0 0.04688888 -0.6404617 -0.09340248 -1.836379 -0.2373769 -2.124638 -4.88537 0
1 0 1.359557 1.376825 -1.179693 0.6415816 0.540765 0.4112979 3.150334 0
1 0 0.1118989 -0.1971651 -0.3908286 -0.2146294 -1.093796 -0.1766635 -1.961183 0
1 0 -0.7369663 1.5841 -0.5438594 -1.058029 -1.133725 -0.3743897 -2.26287 0
1 0 0.6928964 -0.5281062 -0.2627378 -0.08267083 0.1747748 0.1455474 0.1397037 0
1 0 -0.6114119 0.09039343 1.156168 1.288635 0.541808 0.6846418 3.150234 0
1 0 0.4792103 -0.20848 1.090272 0.1039871 0.1027845 0.3224843 1.890258 0
1 0 -0.09440445 0.3391883 -1.550132 -1.934929 0.318251 -2.032112 -4.954138 0
1 0 -0.6946959 0.09656298 -0.2347622 -0.4701277 -0.6190639 -0.3244168 -2.246504 0
1 0 -0.0370088 -0.6001464 -1.060074 -1.139509 -1.520904 -0.3540204 -4.711663 0
1 0 1.554099 1.519441 -0.02341121 -0.5382843 0.8626427 1.248834 4.623321 0
1 0 -0.5166763 -0.2872387 0.5478431 1.518575 1.519226 0.9663696 3.748099 0
1 0 1.419487 2.092734 -0.1905549 1.662144 1.621233 0.8967142 7.501757 0
1 0 -1.891372 0.46865 -0.3402042 -1.009537 -2.043837 -0.5774147 -5.393715 0
1 0 -1.136448 0.4359864 0.2579669 -1.306069 -0.482612 -2.367462 -4.598638 0
1 0 -0.7323764 1.011752 -0.5600692 -0.73572 0.4887271 -1.396736 -1.924423 0
1 0 0.7422956 -0.5217658 -0.1404058 -1.981559 -2.795038 -0.782985 -5.479458 0
1 0 -0.5668387 1.288411 0.1528551 -0.1446287 -1.121723 -1.755682 -2.147607 0
1 0 0.3669488 0.4158882 -0.733938 0.1136883 -0.7377664 0.1913265 -0.3838525 0
1 0 -0.4923135 0.1652907 0.9682904 0.7255203 1.013816 1.54971 3.930314 0
1 0 -0.8928108 -0.006379141 0.04420197 0.3929694 0.2865306 2.297988 2.1225 0
1 0 0.6911522 -0.4124128 -0.1133456 0.4219763 1.818369 -0.2174924 2.188247 0
1 0 -0.3428202 1.135887 -0.07345357 1.335366 1.725193 0.7957738 4.575946 0
1 0 -1.209364 -1.900708 -0.545102 -0.8942539 0.9173351 0.03227311 -3.59982 0
1 0 0.03311843 0.6226311 0.13434 -0.9710729 -0.5348278 -2.189541 -2.905352 0
1 0 -0.0671829 -1.718342 0.4862553 -0.4531212 1.598523 -0.6161053 -0.7699732 0
1 0 -0.3771776 0.7863566 0.4957081 -2.424875 -0.4888083 -2.94911 -4.957906 0
1 0 -0.669382 -0.8229735 -0.3646412 1.317203 1.466125 0.1264743 1.052805 0
1 0 0.2701038 1.132744 1.329613 0.6514166 0.6768315 -0.05579587 4.004913 0
1 0 -0.04696411 -1.477209 0.8163155 0.4576762 1.567497 0.5893126 1.906628 0
1 0 1.127245 -2.076169 0.4253061 0.9276968 -0.5135168 -0.8922035 -1.001641 0
1 0 -0.4039969 0.6818992 0.5332752 1.108329 -0.4606891 0.2588804 1.717698 0
1 0 -0.1818402 -1.383006 -1.446605 1.163057 0.9988003 -0.6741976 -1.523791 0
1 0 0.3339986 -0.2730635 0.1547704 -0.03141485 2.182261 0.4865388 2.85309 0
1 0 -1.460396 -0.7903254 -0.1586481 -0.5949898 -1.649353 -1.296806 -5.950518 0
1 0 -0.5595983 0.3947116 -0.9586773 -1.023529 -1.236901 -0.02460256 -3.408596 0
1 0 0.7806456 0.4141643 -0.91913 -1.231183 0.1092005 -0.6039386 -1.450241 0
1 0 -0.3601518 -0.1548451 -1.029444 -0.2573392 0.3096755 1.608273 0.1161684 0
1 0 0.09852644 0.1615753 0.7840331 0.6306474 2.03741 2.085275 5.797468 0
1 0 1.008045 0.6205833 -0.7789751 1.795371 0.7675849 1.563814 4.976423 0
1 0 1.553282 1.437199 1.482264 1.513734 0.1788765 1.381287 7.546644 0
1 0 -0.1712856 -0.8624726 -1.92362 0.2261016 -0.3602573 -0.7818533 -3.873388 0
1 0 1.141158 -0.6846802 -0.4165291 -0.2017302 -2.919193 -1.76315 -4.844126 0
1 0 0.005051871 -1.054469 -0.5930241 0.7698974 -0.8939566 -0.5259735 -2.292474 0
1 0 -0.001141444 -0.3382167 -0.5582882 -0.5200658 -1.561264 0.496042 -2.482934 0
1 0 -0.5250942 -0.2552887 -0.2433313 0.8319462 0.6620884 0.1441081 0.6144283 0
1 0 1.205111 0.9187603 1.564116 -0.5091399 0.4045703 1.370647 4.954065 0
1 0 0.7368849 -0.3424049 0.06700244 0.7678945 1.25541 1.432595 3.917382 0
1 0 -0.5605759 -0.5801045 -0.09655085 0.03781142 -0.1899356 -0.6153385 -2.004694 0
1 0 -0.1730947 -0.710834 -0.6075576 -0.2071245 -1.028484 -0.6680052 -3.3951 0
1 0 -0.5765228 -0.4721047 -0.07642197 1.459043 -0.9699923 0.895854 0.2598557 0
1 0 -0.6901391 -1.149201 -0.9563189 0.2191492 -1.917854 -0.1659346 -4.660298 0
1 0 -0.2441038 1.601185 -0.2410542 -0.9685267 0.1392209 -0.3918129 -0.1050922 0
1 0 -0.4676809 0.1714204 -1.213615 -2.762857 -1.576132 -1.497248 -7.346112 0
1 0 -0.2199659 0.4338842 -0.7449507 0.3306085 -0.2069517 -0.7331311 -1.140507 0
1 0 0.8100052 -1.659803 -0.6398019 -0.8557361 -0.3446049 -0.2440373 -2.933978 0
1 0 1.581383 0.7665654 0.895646 1.259484 1.342215 1.80522 7.650513 0
1 0 -1.049572 -0.4354846 -0.1833387 -0.8438493 -0.05747835 -0.3730747 -2.942798 0
1 0 -0.4468648 0.8187375 1.160058 0.3396941 0.6053311 0.5594021 3.036358 0
1 0 1.948536 0.5089888 1.168109 3.322371 1.626899 2.776277 11.35118 0
1 0 0.620459 -0.7245555 -1.71508 -0.6160793 -0.8636019 -2.447384 -5.746241 0
1 0 1.111499 -2.026171 1.372296 0.5203817 0.6432417 0.6645791 2.285826 0
1 0 0.268581 0.8657753 0.6060361 2.021386 0.4882036 2.118852 6.368833 0
1 0 1.115228 -0.7293436 1.847574 1.183467 0.2488645 1.776724 5.442514 0
1 0 0.0843244 0.05562374 0.9649842 1.648656 2.492434 -0.1057234 5.140298 0
1 0 -0.3517148 -0.4332261 -1.813368 1.153729 0.2386883 0.02640401 -1.179488 0
1 0 1.103329 -0.6398392 -1.918657 -2.243096 -1.810173 -1.361077 -6.869513 0
1 0 0.2268821 -1.577747 0.5073567 0.9266711 -1.140435 -0.9164631 -1.973735 0
1 0 0.2543711 0.07029388 -0.8006934 -0.3557538 0.2389381 -0.1208138 -0.7136579 0
1 0 -0.9646414 -0.6390667 -1.892358 -1.956414 -2.120407 -0.9321123 -8.505 0
1 0 -0.5449224 0.7315134 1.03392 -0.808834 -1.192961 0.7916606 0.01037622 0
1 0 1.317813 0.8629579 0.5163561 3.242543 1.497209 0.2098985 7.646778 0
1 0 -1.060659 -0.3749994 0.4918828 -0.7149113 0.5986976 -0.3597646 -1.419754 0
1 0 -0.4217601 0.4668997 0.6041336 -0.4766888 -1.340163 -0.8664699 -2.034048 0
1 0 -0.2504929 0.5353026 -0.3091468 1.308525 0.6596012 1.303458 3.247247 0
1 0 -0.09375271 0.5597967 0.283683 1.085149 0.4000932 -0.3229202 1.912049 0
1 0 -0.7073871 -1.313336 0.9770578 -1.734386 -0.00213239 0.2854541 -2.49473 0
1 0 -0.3089342 0.6422323 0.2684058 -0.239114 1.368936 -0.09619217 1.635334 0
1 0 0.5649756 0.3925257 -0.5359713 0.2198288 -0.07013393 -0.4062472 0.1649778 0
1 0 0.1681353 -1.009981 1.165946 1.243347 1.944997 0.7287996 4.241243 0
1 0 -0.2185017 0.1517361 -0.7023252 -1.447151 -0.4326512 0.5448095 -2.104083 0
1 0 0.9638869 0.8704695 -0.3978499 1.650357 0.1611744 0.7183551 3.966393 0
1 0 0.07220832 -1.030991 0.4232781 -1.098363 0.4519834 0.7941748 -0.3877095 0
1 1 0.7962596 1.753037 0.4687989 -0.6133355 1.204674 0.4527002 4.062134 1
1 1 -0.8812642 1.55963 -0.9433361 0.1622983 -0.4580205 0.1886143 -0.3720787 1
1 1 -0.01531187 1.434447 0.7240088 -0.9284228 -0.9409483 0.6530841 0.926857 1
1 1 1.379306 0.8974492 -0.1847322 0.1606558 0.3838052 0.5154271 3.151911 1
1 1 0.07071041 -0.802395 1.554721 -0.6774624 -0.5759153 0.4955972 0.06525591 1
1 1 0.9538958 0.7360647 0.01269236 1.969787 1.976097 3.763564 9.4121 1
1 1 -1.141386 0.3542308 -0.2202743 -1.036339 -0.8547959 -0.3464822 -3.245046 1
1 1 -0.7821314 0.659473 1.239143 1.171419 0.614199 1.196086 4.098188 1
1 1 1.168735 0.3425574 -1.012086 -1.179495 -1.129948 -0.4156267 -2.225863 1
1 1 0.5840014 -0.2017729 0.717316 1.904167 2.665824 0.7779994 6.447534 1
1 1 -0.007020999 0.9454509 -0.09332541 0.4700163 0.092113 1.303459 2.710693 1
1 1 0.9110113 -0.3432649 0.1736479 0.2296429 0.2542789 0.9644579 2.189774 1
1 1 -1.49417 -0.06562153 -0.3927294 -1.441441 -1.200387 -0.9405145 -5.534864 1
1 1 0.3670106 -0.1333648 0.7096627 1.164429 -0.782665 1.209209 2.534281 1
1 1 -1.00334 0.3797809 0.5214361 0.02314851 -0.5398084 0.3947881 -0.2239946 1
1 1 -0.8193783 1.173361 -0.8459961 2.247289 0.1804051 2.040752 3.976434 1
1 1 -0.1232011 0.4055566 0.883169 1.259944 1.375235 2.559647 6.360351 1
1 1 0.636875 -0.6608979 0.824041 -1.457379 -0.5737372 0.3409556 -0.8901421 1
1 1 -0.7054823 -0.1675136 0.9544647 1.052058 1.192031 0.5894168 2.914975 1
1 1 0.4412076 0.7119858 0.111951 0.5835172 0.9174733 0.0253513 2.791486 1
1 1 0.7728489 -0.02096101 0.2066584 -0.08974288 -0.9798067 1.001924 0.8909206 1
1 1 -0.3763131 -1.182069 -0.1657255 0.2235128 0.4070267 1.771983 0.6784146 1
1 1 1.167127 0.4346807 1.008396 1.433091 1.080237 1.558757 6.682289 1
1 1 0.7864149 -0.2064319 -1.144291 0.8920195 1.381048 0.7915436 2.500303 1
1 1 1.686263 -0.9411061 1.138809 2.775203 0.7110828 0.8298602 6.200112 1
1 1 -0.4825288 0.1741306 -0.1291634 -0.2177877 -0.8204562 0.02336553 -1.45244 1
1 1 -0.3634236 -0.4541381 0.3340699 0.1276955 0.8794292 -0.6773805 -0.1537476 1
1 1 0.3612857 -0.1553927 0.6774871 -1.350973 -1.282687 -1.561046 -3.311326 1
1 1 -0.2800386 -0.7364696 -0.5256397 -0.4780399 -0.3189072 -1.62257 -3.961665 1
1 1 0.2458283 0.3003738 -0.2291637 2.45181 3.179679 0.3864287 6.334957 1
1 1 0.4808075 0.4002616 0.2134004 0.9084658 -0.7669099 -2.035284 -0.7992584 1
1 1 -0.5742542 0.2385544 0.8373003 -0.01221793 -0.5857966 0.02313371 -0.07328031 1
1 1 0.1224353 0.1477961 -0.6685591 -0.707435 0.3711976 0.3567164 -0.3778487 1
1 1 -1.658614 0.9227811 0.1319052 -0.03007823 0.06175889 -1.631594 -2.203841 1
1 1 -0.4910004 1.094725 1.437593 -0.2629944 0.06392427 0.3236226 2.165871 1
1 1 -0.4244388 1.249329 1.009247 2.070309 -0.02505855 1.258006 5.137394 1
1 1 1.223718 0.2825047 -0.6512727 1.202898 -0.4472768 -0.7488176 0.8617538 1
1 1 0.54913 0.84124 0.4393419 -0.2076835 1.656808 1.64921 4.928046 1
1 1 1.33559 0.843344 -0.6716682 0.9763316 2.508057 2.318897 7.310551 1
1 1 -1.200011 -0.8171215 -0.5851862 0.99256 -0.1558513 -0.4423368 -2.207947 1
1 1 1.205053 0.3292332 0.7377717 2.06652 2.076133 1.234364 7.649074 1
1 1 0.6050331 -0.4603345 1.396354 0.5706229 -0.8717622 -0.1134029 1.126511 1
1 1 -0.05538918 -0.189094 -2.095747 0.5394984 1.464877 0.5543937 0.2185391 1
1 1 -1.113487 -0.484221 -0.4786673 -0.2123586 -2.2043 0.1448263 -4.348208 1
1 1 -1.482407 -0.6062021 -1.13245 -2.026123 -1.504635 -2.101646 -8.853462 1
1 1 0.7297908 0.334528 -0.5586692 -0.6682487 0.7520482 0.1286084 0.7180576 1
1 1 0.5264673 -0.6419351 -0.219087 0.172018 -0.2072835 -0.3417711 -0.7115913 1
1 1 0.4088478 0.8749972 -0.2389607 0.3457485 -0.1336365 -0.1597451 1.097251 1
1 1 0.7021609 -1.11755 -1.082631 -1.249126 -0.2871505 -2.218374 -5.252671 1
1 1 -0.4992436 0.1582192 -0.6540298 -3.217089 -0.5980029 0.5590003 -4.251146 1
1 1 1.008343 0.502957 0.5482431 1.468423 2.3596 2.250594 8.13816 1
1 1 -1.021544 -1.471604 0.2150443 1.196825 0.1575702 -0.3405275 -1.264236 1
1 1 -0.7491247 -1.046101 -1.567761 -1.487336 -2.097273 -1.090892 -8.038487 1
1 1 0.5319423 1.03658 0.3582149 -0.5632964 1.840808 -1.041313 2.162936 1
1 1 -0.2932514 0.2120189 1.184664 0.5808282 -1.213515 -1.337557 -0.866812 1
1 1 0.1632637 -1.171528 -1.457936 -0.4904045 -0.9011482 -1.431966 -5.289719 1
1 1 -0.2651431 -0.06126429 0.05471798 -0.6223169 0.2793141 0.290639 -0.3240532 1
1 1 0.9639491 -0.8399078 -0.4760348 -0.4849914 -1.073869 0.4135428 -1.497311 1
1 1 -0.7035292 0.1834567 -1.00399 -1.791715 0.09280966 -1.314825 -4.537793 1
1 1 -1.974322 -0.8028804 -0.1265178 -1.705926 0.1861388 0.4773801 -3.946127 1
1 1 0.05104542 0.3141539 0.6110045 0.9803751 1.119628 0.6851681 3.761375 1
1 1 1.479801 0.5833159 2.040698 1.52456 3.148597 1.509604 10.28658 1
1 1 0.3867033 -0.1166545 -0.4471627 -0.08316523 -0.3245787 -0.4920852 -1.076943 1
1 1 0.1136462 1.577771 0.9315527 1.381848 2.361331 -0.1149217 6.251227 1
1 1 0.02178467 -0.52423 0.2857385 0.4578051 1.092531 -0.2609416 1.072687 1
1 1 0.1986263 0.3116928 -0.494085 1.281202 1.596388 2.079334 4.973158 1
1 1 1.625134 1.187864 0.4189437 1.784115 1.637346 1.753037 8.40644 1
1 1 0.4922995 0.1388019 0.4988565 1.119311 -0.2173507 0.04053298 2.072452 1
1 1 -0.7955028 -0.7539945 1.504028 -1.145871 0.002667041 -0.6177793 -1.806452 1
1 1 0.1469439 -1.124483 -0.6615725 -1.489846 -2.225602 -0.1558477 -5.510407 1
1 1 -0.9811783 -0.6935463 -1.065161 -1.097276 -1.899476 -1.44146 -7.178097 1
1 1 0.2245533 0.3998295 -0.1515224 -0.4463175 -0.6909274 0.07820271 -0.5861818 1
1 1 1.804471 0.8195019 1.358977 2.057089 1.067746 2.444631 9.552416 1
1 1 -0.5161402 0.7348371 2.094896 3.348964 3.629422 2.665099 11.95708 1
1 1 0.3086825 -0.4614045 -0.4340945 0.4560296 0.3399817 -0.1338136 0.07538117 1
1 1 -1.0127 -1.133698 -1.636803 -0.05283851 -0.3789363 -0.8188521 -5.033828 1
1 1 -0.7011666 -0.5783965 -0.3038422 -1.806196 -0.8887018 -0.8812954 -5.159599 1
1 1 -0.456361 1.081087 1.692677 0.7476351 0.1285303 0.5078263 3.701395 1
1 1 -1.100139 1.927552 -1.750135 0.7748083 -0.9278589 -0.406888 -1.48266 1
1 1 -0.1799192 -0.3121562 1.184103 0.2502386 0.5596404 -0.6413027 0.8606041 1
1 1 -0.6976116 -0.7219027 1.58663 0.6470531 -0.2346955 0.1412866 0.7207596 1
1 1 0.08130535 0.5209055 -0.198472 1.102711 -0.05266052 0.08571732 1.539506 1
1 1 0.7451401 0.4028578 0.7442328 1.463181 2.239615 2.720052 8.315078 1
1 1 -0.9033178 0.2140709 -1.483555 -0.9740668 -0.5292445 -0.7299197 -4.406033 1
1 1 0.5275472 0.1047115 -0.006391699 1.608627 1.293915 -0.8340915 2.694318 1
1 1 -0.2337947 0.7982319 -0.4104757 -0.3909218 0.2056245 1.062847 1.031511 1
1 1 -1.253294 -0.498627 0.5483678 -0.4739436 0.5861832 -1.271905 -2.363219 1
1 1 1.926755 -0.1876958 1.307082 0.1689946 0.3726072 0.9741007 4.561844 1
1 1 -0.01781041 0.4239096 -1.301849 -1.146001 -1.497421 -1.133781 -4.672953 1
1 1 2.231449 0.7748245 0.6952948 1.222733 -0.134565 -1.230196 3.55954 1
1 1 -1.368356 0.4930454 -0.006382991 1.437143 1.118956 0.5627851 2.237191 1
1 1 -1.35927 0.4840864 -0.09042928 -0.7196895 -0.1078983 0.9815977 -0.811603 1
1 1 -1.252571 -0.7270555 1.200672 -0.3457852 -0.5866594 0.07576926 -1.635629 1
1 1 0.2013256 -0.9938643 -0.1337286 0.535621 0.2353139 0.09836131 -0.05697112 1
1 1 -0.3068469 1.521545 0.5920379 -0.6662348 0.3964154 -1.271018 0.2658983 1
1 1 1.001942 -0.3177811 0.2645873 -1.192636 0.1241316 -1.015226 -1.134981 1
1 1 -0.7846242 -1.776816 -1.159725 -2.557408 -1.415078 -1.139526 -8.833178 1
1 1 0.6212314 0.207215 0.3719125 1.005638 -0.9095994 1.891165 3.187562 1
1 1 -0.4484828 0.5789112 -0.9962161 -0.1162159 0.01858285 -0.3357108 -1.299132 1
1 1 0.296732 -0.5936983 -0.899722 -1.971439 -1.687137 -1.463496 -6.31876 1
1 1 -0.8886382 0.3981811 -0.4107258 -1.616672 -1.063656 -0.887492 -4.469003 1
1 1 0.1833234 0.1605087 -0.01190456 0.4642243 0.782917 1.914325 3.493394 1
1 1 0.197026 -2.150055 -0.3670143 -0.9185178 -1.133749 -2.172267 -6.544576 1
1 1 1.117938 -0.2736099 -0.2151854 0.7421773 -0.694167 -0.02589512 0.6512577 1
1 1 -0.6835645 1.279531 0.1948141 0.2116619 0.462268 0.1935557 1.658266 1
1 1 -0.5301389 -0.112347 0.701757 1.318027 -0.3904951 0.8572825 1.844086 1
1 1 -0.05366385 -1.112625 0.7232507 -2.069533 -1.199736 -2.040168 -5.752475 1
1 1 -1.202119 -1.288594 1.141141 0.6584592 0.4929334 -1.151261 -1.34944 1
1 1 1.348587 0.601912 -0.8155747 0.3692041 -1.230852 -0.2883105 -0.01503444 1
1 1 0.3561126 -0.4372572 -1.080623 1.36361 0.6962786 0.4997453 1.397866 1
1 1 1.715842 -0.6662901 -0.4645005 -1.08664 -1.04971 -0.8348303 -2.386128 1
1 1 0.5769487 -0.1813105 0.3475124 0.4099685 1.191097 -0.4778496 1.866366 1
1 1 -0.7195465 -0.6729701 -0.1909084 0.9895681 -2.095289 0.1411163 -2.54803 1
1 1 -0.5063099 0.05698725 0.3395282 1.948715 1.425855 2.106888 5.371663 1
1 1 0.8563042 -0.9919636 -0.4517157 0.7843061 -0.03533127 0.9770065 1.138606 1
1 1 0.8197416 0.8380237 0.1888826 0.220225 -0.3858595 0.8797605 2.560774 1
1 1 0.1191077 -0.4208438 0.05382924 0.7598536 -0.626438 1.514617 1.400126 1
1 1 -0.5324849 0.3750427 0.517077 -0.96247 0.9275932 -0.3494982 -0.02474009 1
1 1 0.5116297 -0.5873408 0.1916059 1.673708 -0.5132529 0.739306 2.015656 1
1 1 0.3738511 -1.079389 -0.1079931 -2.292047 0.1162538 -0.04700516 -3.036329 1
1 1 -0.8599459 1.102286 -0.2752592 -0.8134108 -0.7570203 -0.5014498 -2.1048 1
1 1 1.101683 -1.337104 0.2775042 1.050955 2.083912 1.863318 5.040268 1
1 1 -0.3542048 -0.3516266 -0.1971396 0.6459528 -0.3585649 0.08943277 -0.5261503 1
1 1 0.689311 -0.3013124 0.6925371 -0.4281718 -0.4808591 0.1600338 0.3315386 1
1 1 -0.9785498 -1.173581 0.005599679 -0.9974011 -1.466997 -1.73883 -6.349759 1
1 1 -0.2267014 -0.1235436 1.452595 -1.04514 -1.037511 -2.654472 -3.634773 1
1 1 0.4846344 1.372013 0.9570378 1.568827 2.048084 2.945014 9.375611 1
1 1 1.111738 0.2100154 -0.7190012 0.7518656 0.7930964 -0.4469012 1.700812 1
1 1 -0.08629783 0.2007933 -0.2243936 -0.6640247 -0.0248717 -0.4620164 -1.260811 1
1 1 1.177012 0.3066795 -1.373524 0.3943623 1.533521 1.058295 3.096346 1
1 1 -0.2264114 -0.2603376 0.5337582 -0.8249351 0.6249709 0.4533713 0.3004162 1
1 1 -0.2895673 -0.7333016 -0.5249664 1.064492 1.962227 1.394178 2.873062 1
1 1 0.04725212 1.406976 -0.3643184 -0.9129024 0.4853186 -0.04075063 0.6215749 1
1 1 0.02160292 0.5920698 -0.0308282 -0.64575 1.503114 0.9214617 2.36167 1
1 1 0.2784562 1.908819 0.6746904 -0.2878256 -1.812792 -0.1903019 0.5710461 1
1 1 0.03600621 2.053393 0.128469 1.545155 0.1854179 0.7609598 4.709401 1
1 1 -0.08225889 -0.5479397 0.1044404 1.823374 1.645166 0.8242993 3.767081 1
1 1 -0.3459105 0.04062583 -0.8496509 -1.409482 0.2487025 -0.8663319 -3.182047 1
1 1 -0.8553093 -0.9901934 -1.404133 -0.7008889 -1.558518 -1.795136 -7.304179 1
1 1 0.6580423 -0.9830574 0.5159785 -2.116361 -1.745065 -0.6248565 -4.295319 1
1 1 -0.636872 0.05144083 -0.9656937 1.723 -0.9661587 -1.160892 -1.955175 1
1 1 -0.8616633 0.7798764 0.3967943 -0.3499717 -0.8110222 -1.028355 -1.874342 1
1 1 1.05817 1.849535 0.7856281 -0.1389356 0.6003013 -0.9127921 3.241906 1
1 1 -0.7712037 -1.439357 0.6795586 -0.120498 1.665658 0.4924334 0.5065921 1
1 1 -0.6022088 -0.963655 -0.08973833 0.1492617 -0.953004 0.9781414 -1.481203 1
1 1 0.510753 0.5357324 -1.806765 0.5886301 0.2939519 -1.185287 -1.062984 1
1 1 1.0285 -0.04122657 0.4530951 0.468082 0.8700801 1.831526 4.610056 1
1 1 -0.6998177 -0.5747569 -0.1932489 -0.3094619 1.356913 0.4355054 0.01513281 1
1 1 0.5399352 0.7657076 -0.7224238 1.040705 1.351075 0.263299 3.238297 1
1 1 0.4473068 -0.9128491 0.6265584 -1.692096 -1.168614 -1.095151 -3.794844 1
2 -1 0.2277918 0.159069 -0.3969256 -2.26325 -0.7752374 0.01520746 -3.033345 -1
2 -1 0.8533678 0.5344908 0.1003321 -0.5675601 0.9501015 1.140378 3.01111 -1
2 -1 -0.1274896 0.3904374 0.8357594 1.917751 1.533687 2.723136 7.273281 -1
2 -1 -0.5343675 -0.2769551 1.251119 1.54136 -0.575534 0.5974514 2.003074 -1
2 -1 -0.7629271 -1.119734 -0.9812781 -1.045272 -2.511254 -1.626974 -8.04744 -1
2 -1 0.3564804 0.1831731 0.1598527 1.670999 0.9735726 0.6517455 3.995824 -1
2 -1 -1.834192 -0.01492436 0.1449909 0.292514 -0.1768083 -1.379216 -2.967637 -1
2 -1 -0.1869738 0.3857063 -0.9106451 -0.8867854 -1.047524 -1.221726 -3.867948 -1
2 -1 0.2603666 -1.059872 -0.9627865 -0.7211957 0.6821907 -1.205176 -3.006472 -1
2 -1 -1.223215 1.156866 -0.3280661 0.07769761 -0.05988552 -0.07982954 -0.4564332 -1
2 -1 0.9609029 -0.08449781 -0.6360043 -0.5073673 -1.955842 -0.8160733 -3.038882 -1
2 -1 0.869259 0.01050974 0.3653476 0.5327862 -0.06671124 -0.775955 0.9352363 -1
2 -1 0.08696183 1.088648 -1.153639 1.531005 -0.6053052 0.4159729 1.363644 -1
2 -1 0.5764171 0.4568916 1.174055 -0.03840425 -1.056574 0.9195343 2.031919 -1
2 -1 -0.2956702 1.146652 -0.4542698 0.1195867 -1.479947 0.08395364 -0.8796945 -1
2 -1 -1.001703 -0.4498158 -0.73106 1.486838 0.5058812 0.4319735 0.2421142 -1
2 -1 -0.5737267 -0.3857742 0.5904457 -0.4804855 -0.5256398 -0.7461625 -2.121343 -1
2 -1 -1.550224 0.07707033 0.6602343 -0.594264 0.5165138 -1.530661 -2.421331 -1
2 -1 -0.3098452 -0.8758771 -0.4563911 -0.003697448 -1.289458 -0.3052859 -3.240555 -1
2 -1 2.161177 -0.9196999 -1.059109 0.6622863 0.0788549 0.3018152 1.225324 -1
2 -1 -2.068026 -1.180045 -2.183124 -2.413068 -2.966734 -2.567003 -13.378 -1
2 -1 0.04341075 1.075323 -0.2572915 0.7006777 0.7623286 0.6896934 3.014142 -1
2 -1 0.3002012 -0.6720241 -0.496605 0.0763976 1.550418 3.56719 4.325578 -1
2 -1 -0.02165159 0.2920558 1.1269 1.021949 -0.8004568 -0.6656966 0.9531001 -1
2 -1 0.9633062 0.3522966 1.416118 -0.2193013 -0.451889 -1.129089 0.931441 -1
2 -1 0.6635274 -1.008017 0.4639612 1.711376 0.9211009 0.9080267 3.659975 -1
2 -1 -0.003533446 0.0173513 -0.4679778 -1.306483 0.9353698 -2.040406 -2.865679 -1
2 -1 -0.6082083 -0.2094884 0.9380983 -1.910079 -2.517827 -0.05280936 -4.360314 -1
2 -1 0.01626606 -0.5043704 0.0901876 1.017017 1.961159 0.4104489 2.990708 -1
2 -1 1.427695 -0.4018434 0.4885348 2.009702 2.247265 2.301895 8.073247 -1
2 -1 0.145723 0.7974817 0.5508875 1.281933 0.7294043 2.418717 5.924146 -1
2 -1 -0.09506294 0.7660576 0.953673 0.4142102 2.642792 0.02882148 4.710491 -1
2 -1 0.6693369 -0.145953 -0.5786553 -1.416179 -1.504213 -1.379881 -4.355544 -1
2 -1 -0.8393369 1.573903 0.5117371 0.5976741 -0.6433948 0.4954563 1.696039 -1
2 -1 -0.003059562 -0.006514821 -0.09524583 1.620671 1.027003 1.31158 3.854434 -1
2 -1 -0.1213011 -0.5349149 -0.09358084 -1.121441 -0.6024832 0.8183641 -1.655357 -1
2 -1 0.3884976 0.7098949 -0.2407486 1.089637 1.914803 0.3626017 4.224686 -1
2 -1 -0.1193148 0.5636211 1.036247 2.315397 1.121768 0.7971595 5.714878 -1
2 -1 -1.175868 -1.110514 -1.593444 -0.5354893 -2.174011 -1.480987 -8.070313 -1
2 -1 -1.847273 -2.122281 -1.038739 -1.419464 -0.04191491 -0.06990573 -6.539578 -1
2 -1 1.332957 0.3938356 0.9284934 -0.02040366 -0.08856057 1.734177 4.280498 -1
2 -1 -0.7964591 -1.006865 -0.002360441 -3.196045 -1.627694 -2.078367 -8.707791 -1
2 -1 -0.04958334 -1.7298 0.4335732 0.6397208 -0.4806152 -0.2426798 -1.429385 -1
2 -1 -0.5115736 0.133612 0.7180775 -2.590078 -1.213589 -0.4192608 -3.882812 -1
2 -1 -0.8792788 -0.4118747 0.1691624 0.5762082 -0.4236958 -0.8096306 -1.779109 -1
2 -1 -0.3656749 -0.0355389 0.009036886 1.283899 0.5935761 0.01825711 1.503555 -1
2 -1 0.1241894 -1.048072 0.0788937 -1.740725 -1.569484 -1.370136 -5.525333 -1
2 -1 0.7082284 -0.8528984 -0.594521 -0.177161 0.3051414 -0.03416097 -0.6453715 -1
2 -1 0.02148963 -1.335255 -0.7427128 -0.04661358 -1.009502 -0.8639335 -3.976527 -1
2 -1 -0.8302777 0.8239566 0.1864692 0.5980752 0.9860532 -0.0605427 1.703734 -1
2 -1 0.8199339 -0.07610801 -0.1945849 -0.6580834 -0.1877335 -1.516228 -1.812804 -1
2 -1 -0.160731 0.3716542 0.01894327 0.4463037 0.4920805 -0.7123074 0.4559433 -1
2 -1 -0.3804166 0.5269755 0.1949827 1.386182 1.844083 1.799098 5.370904 -1
2 -1 0.9379679 -0.8922676 -0.0754625 -0.4242436 -0.02867885 1.236407 0.753722 -1
2 -1 -0.4225496 -0.5000889 -0.9179351 -1.869729 -1.119217 -0.847927 -5.677447 -1
2 -1 -0.9925698 0.8556191 -1.091559 -1.154116 0.4053491 -1.006455 -2.983732 -1
2 -1 0.1125198 -2.133603 0.4111221 -1.274658 0.6712432 -0.8152461 -3.028622 -1
2 -1 1.380001 1.758083 0.1747491 0.1834799 0.3055886 0.3263072 4.128209 -1
2 -1 -0.4271761 -0.8352315 -0.2475557 -0.4953858 -1.139923 -0.2680572 -3.413329 -1
2 -1 0.2462478 -0.01136786 -0.3693512 -1.65457 -1.10679 -0.7911327 -3.686964 -1
2 -1 -0.4618503 -0.04340024 1.05137 -0.9941506 2.24243 0.9516436 2.746043 -1
2 -1 -1.17666 -0.6811692 -0.223427 -1.356042 -1.851048 -0.9281378 -6.216484 -1
2 -1 -0.4566774 0.4825242 0.8458886 1.629645 -1.7233 -0.9643178 -0.186238 -1
2 -1 -1.205869 1.507599 -0.4513091 -1.148138 -1.561897 -1.966766 -4.826379 -1
2 -1 -0.6909968 0.2917859 0.2315272 0.01265607 1.361049 1.168625 2.374647 -1
2 -1 0.3589937 -0.8815707 0.1931211 -0.8841848 -0.2624037 -0.6943272 -2.170372 -1
2 -1 0.2490418 -0.7318549 0.7489924 -0.9170397 -0.6045659 -2.818288 -4.073714 -1
2 -1 0.3189326 -0.1300481 1.431808 1.485784 1.558611 2.839121 7.504209 -1
2 -1 0.5022646 -1.065156 0.9619479 -0.2685453 0.6703068 0.05034958 0.8511672 -1
2 -1 -0.4036304 0.9204847 -0.2437722 -1.476179 -0.1120426 1.102298 -0.2128417 -1
2 -1 -0.1387248 1.218931 -0.558545 -0.2730809 -1.196561 -2.098933 -3.046913 -1
2 -1 0.6414783 -1.040437 -2.203519 -1.182531 -1.238825 -0.4999436 -5.523777 -1
2 -1 1.225547 0.8650302 -0.7608265 -0.6050691 0.03239951 -1.670681 -0.9135992 -1
2 -1 -0.8923973 -0.4847709 -0.081497 -2.947918 -1.932595 -1.855681 -8.19486 -1
2 -1 0.3546026 -0.3983811 0.4592437 -0.1329885 -2.28779 -0.8166998 -2.822013 -1
2 -1 0.3612601 1.76248 0.1827196 -0.7254968 0.3766434 2.18441 4.142016 -1
2 -1 0.3779765 0.3456496 0.3879014 0.4006811 0.677543 1.402546 3.592297 -1
2 -1 -0.5940053 -1.028746 -1.240615 1.05088 0.3560642 -0.2147624 -1.671185 -1
2 -1 0.9393807 -0.4104201 -1.314621 0.6698243 1.211687 0.5781073 1.673959 -1
2 -1 1.143675 0.5620127 0.04378612 0.2551232 0.5934851 -0.08632916 2.511753 -1
2 -1 -0.4616895 -0.1877642 1.20941 -1.399571 -1.489456 -0.7392342 -3.068306 -1
2 -1 0.3084693 -1.027826 -0.07880336 0.9332009 0.007164928 0.3995196 0.5417252 -1
2 -1 -1.47712 0.4045664 1.078409 1.555148 1.487813 1.800564 4.84938 -1
2 -1 0.4936476 0.203631 0.7555026 1.096452 -0.3096025 -0.9916188 1.248011 -1
2 -1 0.7338032 0.6828131 0.6719507 2.419161 1.925491 1.714833 8.148053 -1
2 -1 0.9160386 -1.333623 1.712456 0.1631437 -0.9870335 0.6802855 1.151268 -1
2 -1 -0.1819536 -0.3352765 -0.5463672 -1.771309 -0.2455863 -0.08645883 -3.166952 -1
2 -1 -1.708531 0.8419331 0.3395143 -0.6599149 0.9839074 0.686449 0.4833584 -1
2 -1 -0.8167704 -0.5793139 1.531978 -1.054161 -0.8962055 -0.6755298 -2.490003 -1
2 -1 -0.07619768 -1.748737 0.2605877 -0.07316668 -0.8312454 -0.1708118 -2.639571 -1
2 -1 0.3438651 0.9997434 -0.5899982 1.066439 2.051254 1.079935 4.951238 -1
2 -1 0.6645719 1.242961 -0.7545533 0.6174815 1.23288 -0.7983011 2.20504 -1
2 -1 0.4287089 0.7879923 -2.198298 -0.1323008 -0.7489277 -0.5283014 -2.391127 -1
2 -1 -0.1628925 -1.489662 -0.05120477 0.7323101 -1.31719 0.8291517 -1.459488 -1
2 -1 0.7250413 0.935822 0.3388044 1.623188 1.202458 0.8467746 5.672088 -1
2 -1 -0.1834651 0.09085611 -0.5653102 -0.9892545 -0.1121024 -0.4604962 -2.219772 -1
2 -1 -1.009074 0.5039632 0.9592711 -1.451647 -0.1190051 -0.9043227 -2.020815 -1
2 -1 -0.8219057 -1.041461 -1.877871 -1.439113 -0.5471394 -0.5374893 -6.26498 -1
2 -1 0.7842495 0.6727315 0.2649494 0.5058842 0.6227449 1.558925 4.409484 -1
2 -1 -0.3329078 -0.2114814 -0.1211366 0.6828763 -1.447257 -0.2766203 -1.706527 -1
2 -1 -0.2547528 -0.8058574 -0.2203875 -1.626295 0.01959706 -0.6758693 -3.563565 -1
2 -1 0.297386 -0.6938794 -1.740748 -2.274243 -0.2162631 -1.540662 -6.168409 -1
2 -1 -0.402749 -0.6320496 0.2852244 1.25653 1.05154 0.01189803 1.570394 -1
2 -1 0.1817308 -0.1474905 -0.4417634 0.5302598 0.2880624 0.06291606 0.4737152 -1
2 -1 -1.28874 0.7016373 -1.293524 0.3835811 -1.208604 0.00644807 -2.699202 -1
2 -1 -0.7761962 -0.462176 -1.38789 -0.6765618 -1.441944 0.8871178 -3.857651 -1
2 -1 1.017678 -0.225499 0.1700957 -0.6592514 1.666084 -0.386973 1.582134 -1
2 -1 -0.2792147 -0.891361 -1.693771 -1.275251 -0.07857246 -1.211298 -5.429469 -1
2 -1 -0.2673652 -1.418726 -0.01852236 -1.205482 -1.654309 -1.907796 -6.4722 -1
2 -1 0.9158576 0.1777787 -0.5315668 -0.622359 0.4598385 1.169718 1.569267 -1
2 -1 -0.5168551 -0.3716933 1.773439 -0.8223365 0.6255221 -0.04003319 0.6480434 -1
2 -1 -0.7575029 0.7800677 -0.6173442 0.3366089 0.2853573 0.5650589 0.5922456 -1
2 -1 0.1513421 -0.01042171 0.5613847 2.211119 1.470548 -0.4250799 3.958892 -1
2 -1 0.8027203 0.4544763 0.2833815 0.251346 -2.161263 -0.3280024 -0.697341 -1
2 -1 1.302322 0.3784565 -0.009439782 -0.09592423 -0.2270267 -0.8066828 0.5417048 -1
2 -1 0.0001009977 0.3740003 0.03233044 1.555199 0.6364713 1.205095 3.803198 -1
2 -1 -0.9016973 0.2617184 -0.264393 1.189603 0.3097631 -0.5050024 0.08999134 -1
2 -1 -0.950631 1.205723 0.3647931 -0.7018858 -0.2026336 0.3773189 0.0926844 -1
2 -1 -0.1206093 -0.05832094 -0.434927 1.190094 2.240984 1.296964 4.114185 -1
2 -1 0.6555258 -0.9949866 0.7246155 -0.4666386 1.12126 -1.788522 -0.748746 -1
2 -1 0.230468 1.649271 -0.5872985 -0.3341789 -0.09766388 1.332276 2.192873 -1
2 -1 -0.2920828 0.2559451 -1.794193 0.5943289 -1.269602 0.1887675 -2.316837 -1
2 -1 -0.6532675 0.3422521 0.8323768 1.030276 0.4537391 0.6975403 2.702917 -1
2 -1 -0.2689189 -0.5258144 0.4169477 0.5143466 0.1207698 1.0694 1.32673 -1
2 -1 1.18271 0.6663977 0.1258656 0.3222453 0.377736 2.10281 4.777764 -1
2 -1 -0.04093748 0.9549283 -0.4896565 -0.5679024 0.1351893 0.7745492 0.7661703 -1
2 -1 -1.635743 -0.5896161 -0.5838134 -2.961105 -3.528216 -2.630616 -11.92911 -1
2 -1 0.000458055 1.282464 0.973345 -0.75118 -0.7138962 -0.8120704 -0.02088013 -1
2 -1 -1.495346 -0.937002 1.117422 0.4995147 0.5839653 -0.5475596 -0.7790057 -1
2 -1 -1.180606 -0.4573348 0.9219419 -1.354769 -0.09554381 -0.7076815 -2.873993 -1
2 -1 1.988713 0.3318714 0.3332666 0.4618622 0.9788703 1.175844 5.270427 -1
2 -1 0.6265589 0.9466744 -0.6397359 1.240867 1.001466 0.7149018 3.890733 -1
2 -1 -1.307991 0.4171409 0.09640771 0.6410273 0.08969286 0.3462718 0.2825498 -1
2 -1 0.2378287 1.393585 0.7553469 0.168287 0.8460574 -1.061152 2.339953 -1
2 -1 -0.1168302 -0.02941787 0.01743296 -0.2439524 0.02071123 0.5109366 0.1588803 -1
2 -1 -0.761306 -1.659428 -1.117698 -1.889682 -3.280431 -2.156324 -10.86487 -1
2 -1 0.05769035 -1.043937 -0.1519075 0.1240378 -0.1277057 -1.395112 -2.536934 -1
2 -1 1.214344 -1.322247 -0.1434725 -0.1153983 -0.210361 -0.7867651 -1.3639 -1
2 -1 0.3667991 0.3385637 0.842078 1.304659 0.7881692 0.6299305 4.2702 -1
2 -1 0.4586793 0.1461272 -0.144479 -0.7938383 -1.307018 -0.7936577 -2.434186 -1
2 -1 2.215168 1.243692 1.969519 0.2920366 0.4462247 0.4777985 6.644439 -1
2 -1 0.8637103 -0.4078364 -0.009127756 -0.866999 -0.6932693 -0.7530983 -1.86662 -1
2 -1 0.8474183 0.2440127 -1.01724 0.08852451 -1.094422 -0.5135244 -1.44523 -1
2 -1 -1.04948 -0.3228687 -0.7618962 -2.423014 -1.441004 -2.333711 -8.331973 -1
2 -1 -0.7246184 -0.2601581 -0.7643188 -2.777966 -1.774871 -1.813407 -8.11534 -1
2 -1 0.6499557 -0.03728703 -0.07977592 0.5901343 0.1027587 -0.2289634 0.9968223 -1
2 -1 1.562706 0.1358149 0.9320952 0.7285694 -0.2431017 0.32926 3.445343 -1
2 -1 -0.2663887 0.9128367 -1.53252 -0.5043799 -0.002269947 -2.462872 -3.855594 -1
2 -1 -1.634474 -1.118088 -0.1627803 -1.240348 -1.270316 -0.7794784 -6.205484 -1
2 -1 -0.4327796 0.3104814 0.07903794 -0.5119912 -0.5734927 -0.4149201 -1.543664 -1
2 0 -0.8056846 -1.191237 -0.3323957 0.797976 1.043227 -1.113965 -1.602079 0
2 0 0.368367 -1.852386 -0.4520985 -1.468764 0.6972881 -2.121336 -4.82893 0
2 0 0.7403796 0.06471981 0.4309549 0.6498444 0.9203467 0.7111517 3.517397 0
2 0 1.526651 -0.1037115 0.601953 2.059901 1.855116 2.286686 8.226597 0
2 0 0.7722711 -1.063037 -0.2666878 0.4892482 0.4891484 0.02843572 0.4493785 0
2 0 -0.7838958 -0.4077767 -0.09909417 -1.517062 0.2508175 0.8810511 -1.67596 0
2 0 -0.2801239 0.977819 -0.04993834 1.260524 2.14672 0.7830453 4.838046 0
2 0 0.7746465 0.9050166 -0.696683 1.069785 -0.1279532 -0.8524798 1.072332 0
2 0 0.9229255 0.1962414 0.07539509 0.4205813 -0.404075 -0.4227328 0.7883354 0
2 0 0.2294596 -0.5198826 -0.3532741 -1.030986 -0.4480617 -1.499247 -3.621991 0
2 0 -0.9493427 -0.3327224 0.6447895 -0.1664097 0.03854353 -1.29359 -2.058732 0
2 0 -1.40512 1.079935 1.066976 1.215871 -1.259202 0.3865676 1.085027 0
2 0 0.2603318 0.2494455 -1.328784 2.181713 -0.0477701 -0.8974609 0.4174747 0
2 0 0.08876502 -1.647486 -1.986957 -0.2571877 0.1676662 -1.095817 -4.731017 0
2 0 -0.8247169 0.2132321 -0.447542 0.9216224 1.117125 0.8361462 1.815867 0
2 0 1.448916 -0.8730569 -0.3941498 0.8401377 0.611492 0.06904637 1.702385 0
2 0 0.1840032 -0.08883238 0.6942848 -0.2267659 -1.004412 0.9626565 0.5209342 0
2 0 0.210343 -0.3923166 0.02209906 -0.02283411 -0.4219307 0.3923856 -0.2122538 0
2 0 0.393847 0.1160144 0.09402903 0.1369834 -1.09243 -0.6492474 -1.000803 0
2 0 -1.23871 -1.369501 1.011521 -0.9091964 -0.3244383 0.1408181 -2.689507 0
2 0 -0.4632839 -0.8884738 0.7908419 -3.326349 -1.889649 -2.364443 -8.141356 0
2 0 -0.8993562 1.672979 -1.011824 -0.7407637 0.3667092 0.4101106 -0.2021453 0
2 0 0.4361481 0.9039907 -1.399952 0.06051697 -1.587163 0.3948727 -1.191587 0
2 0 -1.172922 -0.06133608 0.03329474 0.4564966 0.08433672 0.7234707 0.0633409 0
2 0 0.03600322 -0.1102824 0.1019891 0.06710089 -1.670623 0.1009706 -1.474841 0
2 0 0.8250911 0.8390927 -0.7302414 0.4136847 -0.0204624 -0.000459724 1.326705 0
2 0 0.6401749 1.774295 -0.4235204 -0.6590238 0.1783695 0.3792919 1.889587 0
2 0 0.3281746 -0.6298646 -0.02949137 1.877847 0.7143964 0.1363121 2.397374 0
2 0 0.7659286 1.390745 0.9888447 1.246817 2.008563 1.255894 7.656793 0
2 0 -1.61609 0.06759473 0.1334781 1.027272 0.5132252 -1.273459 -1.147979 0
2 0 0.5817074 0.7388382 0.5407593 -1.885088 -0.007089738 -0.7240521 -0.7549248 0
2 0 -1.688416 -0.2066821 -0.5254346 -0.4956134 0.2669872 0.1114492 -2.537709 0
2 0 -0.6737944 0.4994433 0.6150285 0.2782867 -0.7112924 0.3438699 0.3515416 0
2 0 0.5648203 -2.366047 -1.333707 -0.06044138 -1.502782 -0.5775265 -5.275683 0
2 0 0.7653568 -0.3116067 0.05136134 -0.4137576 -0.5895321 0.575917 0.0777387 0
2 0 0.7667565 1.27986 0.210399 -0.1452482 0.6977272 0.03309714 2.842592 0
2 0 -1.530319 -0.03264201 0.3779563 -0.1211687 -0.6986065 -2.727755 -4.732535 0
2 0 -0.3459964 0.03030587 0.3833725 2.02477 -0.7898617 0.04293136 1.345522 0
2 0 1.992118 0.3241331 0.736081 0.2692897 2.19977 1.493542 7.014934 0
2 0 1.048152 0.6748313 -0.980779 0.9693911 0.2541835 1.080814 3.046594 0
2 0 0.8415347 0.007164327 0.4687009 1.24109 0.2752984 0.7530396 3.586828 0
2 0 -0.1197333 -0.9955254 -2.347934 -0.6290848 -0.7218301 0.07132507 -4.742782 0
2 0 -0.6430727 -0.06050027 -0.4077942 -0.9566679 -0.8316629 -1.081316 -3.981014 0
2 0 -0.44874 0.05710355 0.05030559 0.5873671 -1.084075 0.329855 -0.5081836 0
2 0 -0.443628 0.777799 0.1762571 0.1690323 0.3259281 0.3400292 1.345418 0
2 0 0.2557535 -0.8659466 -0.3999606 0.4377508 0.0001001037 0.4040445 -0.1682583 0
2 0 -0.8067614 0.237646 -0.4963863 0.4117041 0.8355087 0.04147778 0.2231888 0
2 0 -0.4578381 0.9183271 0.5517801 0.5493388 -1.634129 0.1230555 0.05053389 0
2 0 0.3409696 -0.8701142 -0.7444787 0.8456677 0.5490357 0.2766065 0.3976865 0
2 0 -0.08757266 0.8296956 0.2087139 -0.3002071 0.4878948 0.7469671 1.885492 0
2 0 1.383497 1.158976 0.4486017 2.496752 1.213236 1.641195 8.342258 0
2 0 -0.05001668 0.8257836 -1.324547 1.008559 1.409266 1.049084 2.918129 0
2 0 1.447527 0.4955325 -0.4302692 0.2716902 0.5326943 1.767793 4.084968 0
2 0 -1.044101 -0.3598099 0.162599 -0.9765067 -0.0777653 -1.535004 -3.830588 0
2 0 0.5043348 -0.3338138 0.6447959 0.2856627 1.666684 0.1140667 2.88173 0
2 0 1.350955 1.23675 0.9980877 0.09395443 -0.3301448 -0.8723305 2.477272 0
2 0 -0.8953616 -1.608757 1.908453 0.4830906 -1.161412 1.519195 0.2452078 0
2 0 -1.402837 -0.6321358 0.1111222 -1.110836 -0.9729005 -0.5314682 -4.539056 0
2 0 0.527606 0.3162141 -0.6023321 -0.7747042 0.4492967 0.3397655 0.255846 0
2 0 -0.8128919 -0.1070102 -0.5383242 1.581026 1.006006 0.6379509 1.766756 0
2 0 -0.005878305 0.4596022 1.291103 -0.1650299 -1.135331 0.9802864 1.424753 0
2 0 -0.009967178 -1.701641 -0.3620247 -0.2984271 -1.128476 -0.627706 -4.128242 0
2 0 0.3507823 0.05381957 -0.01525243 0.8871747 -1.445139 -0.5138738 -0.6824886 0
2 0 0.2112606 0.51446 -0.07310457 -0.1446634 0.1137191 -0.8937504 -0.2720786 0
2 0 1.048902 1.14301 1.054309 1.594992 -0.1533872 1.019892 5.707718 0
2 0 -0.3691262 1.211254 -1.405291 -1.47012 -0.5013568 -1.017541 -3.552182 0
2 0 -0.1901937 0.3424686 -0.1741248 1.43682 0.5650941 0.3303974 2.310462 0
2 0 -0.2995189 0.5113214 -1.478819 0.3487413 1.799783 -0.1588573 0.7226509 0
2 0 -1.117346 1.245257 -0.04137991 0.03531481 -2.550995 -1.633145 -4.062294 0
2 0 0.09808514 -0.5880623 -0.7454746 1.347494 1.860304 0.6089112 2.581257 0
2 0 1.015796 -0.2892582 1.455962 2.357687 2.814429 1.467799 8.822415 0
2 0 -0.3968586 -0.6027581 -1.034922 0.8902289 0.3920521 0.4764249 -0.2758329 0
2 0 -1.129867 -0.5936628 -0.5725036 -0.2705102 -0.4076956 -0.6752688 -3.649508 0
2 0 -0.6367162 -1.460314 0.04021263 -1.113566 -2.504062 -0.8721993 -6.546645 0
2 0 0.1106737 0.1509229 -0.5371659 0.2925404 0.4287855 0.8398147 1.285571 0
2 0 0.1518257 -0.6591361 0.3406787 -0.006790577 -0.4913618 -1.654238 -2.319022 0
2 0 -1.319066 -0.9560156 -1.121303 -2.938201 -3.381156 -1.732287 -11.44803 0
2 0 -0.3232289 -1.93018 0.6453065 0.5763568 -1.617579 -0.1367231 -2.786048 0
2 0 0.1913689 0.2124774 0.5326405 -0.8085789 -0.9235415 -1.077564 -1.873197 0
2 0 0.6188062 1.101953 -0.09539569 0.3149762 1.252503 0.6190991 3.811942 0
2 0 0.8152245 -0.725251 -0.4361334 -0.5278573 -0.1036658 -0.3313508 -1.309034 0
2 0 -0.6154265 -1.75074 0.3216125 -1.141393 -1.360513 -0.3330482 -4.879509 0
2 0 -0.02608307 0.3752255 -0.9391645 -0.876952 2.139105 2.092321 2.764452 0
2 0 -0.3644287 0.4741652 0.1300484 0.6067881 -0.1559434 0.5513624 1.241992 0
2 0 -0.5482479 0.0228314 -2.185217 -3.160748 -3.657316 -2.688515 -12.21721 0
2 0 -0.811725 -0.945767 2.09272 0.7948223 1.5109 1.284985 3.925935 0
2 0 -1.030591 -0.1503215 -0.4448299 -1.208837 -1.298643 -0.3914455 -4.524668 0
2 0 1.264831 0.01306574 -0.220936 1.009542 -0.8245267 0.408168 1.650143 0
2 0 -0.2554889 -0.4079409 -1.024321 -2.431841 -1.617046 -1.174027 -6.910665 0
2 0 0.2538746 -0.3793246 -0.2031465 -0.6240324 -0.6946435 0.2706085 -1.376664 0
2 0 -0.4935923 -0.383982 -0.1306151 -1.755948 -1.77481 -0.9317305 -5.470678 0
2 0 -0.3141448 0.1852566 -0.6883356 1.140858 1.744123 0.9974391 3.065196 0
2 0 -1.085582 0.3683324 0.7488725 0.573268 -0.1868877 -0.07165376 0.3463493 0
2 0 0.8761999 -0.99937 -0.1326434 -2.059318 -1.402859 -0.2172045 -3.935194 0
2 0 0.6832528 0.4233343 -0.09950943 -2.391507 -2.277887 -1.651398 -5.313714 0
2 0 -0.5574402 0.003078953 0.8485061 -0.9440904 -0.7699475 -1.296978 -2.716871 0
2 0 0.3880734 0.8872972 0.1117928 -1.191962 0.04311629 -0.216565 0.02175261 0
2 0 -0.4363931 -0.3780633 -0.6951913 0.04525591 -0.1605476 -0.2393813 -1.864321 0
2 0 1.369853 -0.7547339 -0.01389 -1.227594 -0.8662024 -2.276449 -3.769016 0
2 0 -1.750306 -0.4913444 -1.991577 -4.374452 -2.467635 -2.443254 -13.51857 0
2 0 -1.556661 -0.2804475 -0.7527889 -2.379813 -1.159897 -3.105808 -9.235415 0
2 0 -0.4439095 1.063405 0.008927381 2.48013 0.742781 2.504102 6.355436 0
2 0 -0.519751 -0.231309 -0.3835933 2.394075 1.950882 0.004865129 3.215169 0
2 0 0.2143703 -0.3998008 -0.1330019 0.4362137 1.180354 1.495915 2.79405 0
2 0 0.4518378 -0.3402912 -0.6127177 -0.5442378 -0.4115297 1.26129 -0.1956486 0
2 0 0.8005042 -0.1472957 0.4334464 -1.042733 -0.5574319 -1.519451 -2.032961 0
2 0 -0.4021135 1.108485 -0.02628463 0.5035712 -0.7425209 -0.662221 -0.2210842 0
2 0 -0.2913978 -0.04682554 -1.087297 -0.9070807 -2.108779 -3.293975 -7.735355 0
2 0 -0.6612344 0.1085203 0.9124418 -0.7894388 1.24575 -0.8486786 -0.03263969 0
2 0 0.6691643 0.7157696 0.09918186 0.174488 0.2961083 1.927342 3.882054 0
2 0 -0.1822051 -1.280792 -0.4732797 0.9215199 0.5948065 -0.5960178 -1.015968 0
2 0 -1.395512 0.3319935 0.4180517 1.050629 0.9393507 0.9330473 2.277561 0
2 0 0.6322865 -1.159901 0.8864414 -0.3610708 -1.856561 -1.457772 -3.316576 0
2 0 0.2331553 -1.154597 -0.07263663 -0.260665 -1.17889 -0.7448564 -3.17849 0
2 0 0.3506252 0.747705 -0.167468 1.062095 2.010139 0.8754432 4.878539 0
2 0 -1.50997 0.5425116 -0.005829067 -0.4855152 0.4973076 0.002599442 -0.958896 0
2 0 -0.4370153 0.748582 0.09586755 -0.6238036 0.06862099 -1.895926 -2.043675 0
2 0 -0.5406157 -0.5522236 0.9029074 1.812675 -0.06985775 -0.6886853 0.8641999 0
2 0 -1.61086 -0.1796181 0.5155219 1.016267 -0.1020744 0.2235899 -0.1371736 0
2 0 -0.5204596 0.2050137 0.4047337 -1.243012 -0.6245938 -0.4469231 -2.225241 0
2 0 0.3302815 0.9573478 -0.4043543 -0.3704196 -1.820777 -0.1904896 -1.498411 0
2 0 -0.20669 0.8685309 0.0332679 -0.01790745 -0.284254 -0.9022485 -0.5093011 0
2 0 -0.1963779 1.378199 2.945171 1.189995 1.814751 1.683369 8.815107 0
2 0 0.3755298 -1.308315 -0.4850348 -1.512811 -1.27207 -1.408058 -5.610758 0
2 0 -0.3663598 -0.8509171 -0.1628251 0.5927575 0.3907408 0.8439713 0.4473676 0
2 0 -0.5199484 -0.4520447 -0.02677871 -1.101537 -0.9188792 -1.254149 -4.273337 0
2 0 0.8362762 0.2707846 0.4340679 -0.5135251 1.167928 -0.491724 1.703808 0
2 0 -0.8947481 0.1403065 0.2565441 -0.1575106 -0.07573925 0.09073587 -0.6404116 0
2 0 0.002893418 -1.308547 -0.2078339 1.453818 0.6616487 -0.01181537 0.5901633 0
2 0 0.4833122 0.03172561 0.341846 0.0631464 2.000233 -0.3952832 2.52498 0
2 0 -0.2025754 0.7565793 -0.0496696 -1.611059 1.09763 0.272286 0.2631908 0
2 0 -0.8879679 0.6506366 -1.002499 2.281114 0.5941872 0.5566706 2.192142 0
2 0 0.8941409 -1.03063 -0.7353288 1.097811 0.5129334 -0.1879499 0.5509761 0
2 0 -0.122401 0.5500556 0.06654631 0.5063466 -0.973338 0.1007236 0.1279331 0
2 0 1.387916 -0.9150474 0.9797989 0.415717 0.1539116 0.5191281 2.541424 0
2 0 0.5182134 0.2838526 -1.126076 0.3107089 -0.6862457 0.6199471 -0.07959967 0
2 0 -0.009512565 0.6490909 1.498489 1.78991 2.86369 3.610132 10.4018 0
2 0 0.4571992 0.356105 0.02178952 0.8817976 0.5843035 -1.435162 0.8660326 0
2 0 1.412454 -1.031735 -1.262167 0.1410184 -0.1416723 1.127855 0.2457536 0
2 0 -0.06301667 -0.3996147 -0.9109757 -1.605946 0.9469572 0.3466963 -1.685899 0
2 0 0.8372462 0.8791808 0.8022193 1.338223 1.633214 -0.2070517 5.283032 0
2 0 -0.5050818 -1.819307 -0.4170759 -4.085821 -1.956393 -2.101735 -10.88541 0
2 0 -0.02725042 -0.4754433 0.5160463 0.8575406 0.9786114 -0.6918723 1.157632 0
2 0 -0.5754919 0.3416491 0.6192939 0.6802147 9.13567e-05 -0.3168992 0.7488579 0
2 0 1.576756 0.4278561 0.07219646 -1.631642 1.259389 0.07566772 1.780223 0
2 0 0.4336703 0.1609744 0.2961995 -0.7049331 1.283339 -0.4826719 0.9865782 0
2 0 0.6433892 0.06919762 0.6589737 -0.2169745 -1.094869 0.1973195 0.2570362 0
2 0 1.885024 1.886502 1.456478 0.4602384 1.634548 2.41033 9.733121 0
2 0 0.3397764 -1.780227 -1.157143 -0.5057807 -1.522331 -0.1901187 -4.815824 0
2 0 0.4472377 0.2936552 0.8400648 0.3399757 1.680793 -0.1645135 3.437213 0
2 0 1.585493 0.6518696 0.8213625 1.639946 2.325907 0.515769 7.540347 0
2 0 1.153507 -0.9888343 0.4143776 0.02920345 0.9826661 0.129898 1.720818 0
2 0 0.7747026 -1.061 0.05426599 0.9023342 0.7365272 0.8721131 2.278944 0
2 0 -0.1161572 0.09158487 1.563854 0.3278246 0.4613015 1.321567 3.649974 0
2 0 0.908345 -0.1704229 1.433175 -1.175588 1.349326 0.1537489 2.498584 0
2 0 -0.06310242 1.104705 -0.6059023 0.94137 2.038176 1.101196 4.516442 0
2 0 0.8972831 0.2347404 -1.333995 -1.085699 -0.6547836 -0.3573587 -2.299813 0
2 0 -0.2084844 -0.83339 -0.5827742 1.758108 0.9450773 -0.5238496 0.5546875 0
2 0 -0.09152477 1.251123 -0.960247 0.9058108 -1.034134 1.023095 1.094123 0
2 0 -1.053896 0.2068326 0.9242084 -0.1456515 0.1341914 -0.4688213 -0.4031369 0
2 0 -0.3032528 -0.3825782 0.06417147 -0.464948 0.1829119 0.02240248 -0.8812932 0
2 0 -0.04173927 0.3059563 0.01817723 1.33342 2.309197 0.2292759 4.154287 0
2 0 -1.07054 0.717904 -2.035922 -2.059584 -1.027093 0.4423084 -5.032926 0
2 0 -0.7967102 -0.7040592 -1.267169 0.1007763 -0.8040456 -0.6816265 -4.152835 0
2 0 0.6038098 -1.106979 -0.91734 -1.873751 -0.6569585 -0.3754441 -4.326663 0
2 0 1.419851 -1.583588 0.23753 -1.713977 -0.5737383 0.04867655 -2.165247 0
2 0 0.1339578 -0.9412299 -0.9356423 1.266045 -0.321803 -0.4954431 -1.294115 0
2 0 1.11448 -0.8334671 1.442146 0.9703783 -0.2150022 0.9756358 3.454172 0
2 0 0.6779732 0.460651 -1.069811 -1.755464 -1.780448 -2.535094 -6.002194 0
2 0 -0.1370302 -0.8592093 0.7913111 -1.286461 -1.69654 -1.811939 -4.999868 0
2 0 -0.2910543 0.3615083 1.198519 2.513358 2.264002 1.803947 7.85028 0
2 0 -1.392239 -0.493951 -0.05109459 -2.403004 -2.398421 -2.854571 -9.593281 0
2 0 -0.5136188 0.2050108 -0.6634463 -1.963435 0.6354634 -0.4167535 -2.71678 0
2 0 0.01248495 0.9858769 -1.073942 -0.5147027 -2.51664 -0.1976623 -3.304585 0
2 0 -0.3805555 -0.4181611 1.229656 0.2631256 0.1567204 0.5016151 1.352401 0
2 0 -1.633182 0.8348646 -0.7703353 -1.04005 -1.219416 -3.21804 -7.046159 0
2 0 -1.050044 0.8372601 0.6243314 0.1922457 0.2020532 -0.3321377 0.4737089 0
2 0 0.9007305 0.7701891 0.2297769 1.092575 0.0399119 0.2429042 3.276087 0
2 0 0.3649351 -0.1139643 0.9858493 0.5473146 1.82795 1.997341 5.609426 0
2 0 -0.9878158 -1.03173 0.5744724 -2.630736 -1.057134 0.6195954 -4.513348 0
2 0 -0.9921506 -0.06613346 -0.8207644 -0.08549757 0.6080385 0.3136075 -1.0429 0
2 0 -0.2545573 0.261698 -1.248677 -0.5937443 -0.3282931 -0.8925125 -3.056086 0
2 0 -0.5710746 -0.7953058 1.006613 -0.9122521 -1.449009 0.2490939 -2.471935 0
2 0 0.2835924 -0.4427927 1.420248 0.9427753 0.7894519 2.069639 5.062913 0
2 0 -0.2148274 1.132081 -0.03180976 1.601437 0.3144469 2.104631 4.90596 0
2 0 -1.964176 0.167291 0.6167624 -0.06691905 -0.2497624 -1.202289 -2.699093 0
2 0 0.003142418 -0.6662019 -0.3598634 -0.7066269 0.0582386 -0.05622113 -1.727532 0
2 0 1.100173 -0.5742854 -0.1134032 0.2657393 0.4252385 0.9208362 2.024298 0
2 0 -0.7322394 1.127717 0.1365402 -0.8868099 0.1774066 -0.3516743 -0.5290598 0
2 0 -0.8417936 0.199217 -0.5673736 0.8278105 0.6726715 0.8931803 1.183712 0
2 0 -0.2157652 0.9555166 -1.085512 -0.06307474 -0.7633188 -0.1374327 -1.309587 0
2 0 0.6515874 0.8880559 -1.103579 -0.481551 -1.858865 -0.2866108 -2.190962 0
2 0 -1.005546 -1.089321 0.4824668 0.02527238 -0.402317 0.5222486 -1.467196 0
2 0 1.180552 -0.6846211 1.352324 0.939783 -0.4582449 -0.09114105 2.238652 0
2 0 -1.650933 0.3798729 -0.9787713 -1.037433 -0.1593837 -0.4436983 -3.890347 0
2 0 0.7061605 0.3913325 0.8463115 -0.3280883 0.02638703 -1.240407 0.4016959 0
2 0 0.1281089 0.2779592 0.2926051 1.96544 1.859786 1.781367 6.305267 0
2 0 -0.01776333 0.8449005 0.7010737 0.1643028 0.3323036 1.552695 3.577512 0
2 0 -0.286692 1.099168 0.8658066 0.4373715 1.252479 0.5040058 3.872139 0
2 0 -0.436018 -0.3131734 0.7828575 0.4914854 0.2651018 0.7255702 1.515823 0
2 0 -0.2189253 -0.101103 -1.487544 0.5096173 1.036838 0.7030892 0.441972 0
2 0 0.3007289 0.974897 -0.8633154 0.1808709 0.3271676 0.1869371 1.107286 0
2 0 -0.6274354 -0.729306 -0.5018612 -1.317019 -2.919728 -1.263583 -7.358933 0
2 0 -0.9780648 -0.583896 -0.9694158 -0.2841545 1.123353 1.902106 0.2099279 0
2 0 0.3989626 0.4195309 0.7188862 0.4384142 0.6132735 -0.1295317 2.459536 0
2 0 0.1359486 0.2840307 -0.154557 0.9942675 0.6685737 1.48294 3.411204 0
2 0 -0.206761 0.2976956 -0.9083415 -0.1562731 1.240295 0.9088104 1.175425 0
2 0 -1.912025 -0.8786235 -0.8648539 -1.246774 -1.071847 -1.513342 -7.487465 0
2 0 1.312496 1.795642 0.5549497 1.342906 0.2649728 1.511171 6.782138 0
2 0 0.3420131 1.494367 0.3241265 0.7680049 0.1087896 0.6934587 3.730759 0
2 0 0.7328676 -0.09567349 0.8626517 0.4813967 0.1961721 -0.4841991 1.693216 0
2 0 0.1064734 0.06981957 0.7986956 0.7244162 -0.5364197 1.308938 2.471923 0
2 0 0.7066935 0.565057 0.1220058 0.555593 1.076035 1.774176 4.79956 0
2 0 0.7927517 0.7318004 -0.7382915 0.6014163 0.4025923 0.2920168 2.082286 0
2 0 -0.1623137 -1.710443 -1.159405 -0.8646484 -1.088703 -0.9460415 -5.931556 0
2 0 -1.345979 -0.4746604 -1.167924 -0.7121981 0.1919024 0.406253 -3.102606 0
2 0 -0.1634225 0.8832469 0.1843159 1.001321 0.5101726 -1.136597 1.279037 0
2 0 1.33388 -1.407693 -0.1502845 -0.2709071 0.8216988 -1.638674 -1.311981 0
2 0 0.8237066 -0.832436 -0.05154811 1.236356 0.2082405 1.35248 2.736799 0
2 0 -0.1807232 0.5241186 1.70542 0.4460271 0.6371222 0.1969938 3.328959 0
2 0 2.023995 0.3259621 0.2188969 -0.6671788 -0.4182555 -1.204438 0.2789816 0
2 0 -0.4154007 -0.6600188 -0.006612273 -0.9361053 -1.360731 -0.8234253 -4.202294 0
2 0 0.3930097 1.161526 -0.8473756 -0.4647167 -0.3871727 -1.305445 -1.450174 0
2 0 0.961398 -0.05974616 0.9823394 1.843917 2.491591 0.001897801 6.221397 0
2 0 0.8841581 -0.4614587 -0.6141164 -1.240523 0.4269859 -0.5556865 -1.560641 0
2 0 -0.03077821 -0.818966 -1.277899 -2.157598 -0.8591923 -1.612144 -6.756578 0
2 0 1.907316 1.488794 0.1969273 1.725815 1.706875 1.261024 8.286751 0
2 0 0.690809 0.1266705 0.6044494 1.976994 0.2284813 0.7768928 4.404297 0
2 0 -0.6197739 0.8944812 0.6628541 0.05384773 0.6613664 -0.2428406 1.409935 0
2 0 -0.1861319 0.2281151 0.6136197 -0.2069043 0.3383277 -1.055187 -0.2681606 0
2 0 -0.3644293 -0.5273052 1.159956 0.5382126 -0.07904537 0.3631711 1.09056 0
2 0 -0.2679643 0.2904826 0.2123475 0.1942144 -0.7192772 0.3173135 0.02711657 0
2 0 1.3363 -0.4520929 0.2412036 -1.184677 -2.331791 -2.037577 -4.428635 0
2 0 0.4862452 -0.8644514 1.305344 1.91454 0.171916 -1.319126 1.694468 0
2 0 0.1316255 0.9212818 -0.7584438 0.8796694 -0.5725468 1.445187 2.046773 0
2 0 0.1406938 -0.6472886 0.06929491 0.5347153 0.08808849 1.404126 1.58963 0
2 0 1.263914 1.258896 1.413901 1.737227 1.243942 1.135507 8.053388 0
2 0 0.2664518 -0.7102547 0.4738333 1.233652 1.044616 2.291243 4.599541 0
2 0 -1.165688 0.0334756 0.595648 -0.9254811 -2.12763 -1.906623 -5.496298 0
2 0 0.2746528 0.5637083 0.182766 -1.102798 -0.2501902 -1.308026 -1.639887 0
2 0 1.512601 -0.01320655 0.5766663 1.074497 1.547361 0.4890273 5.186946 0
2 0 0.3975162 1.261443 -1.123468 0.602946 -0.6444565 -1.449316 -0.955335 0
2 0 -0.4143023 0.5535467 -0.03048077 -2.962796 -0.5944992 -1.676725 -5.125257 0
2 0 -0.371199 -1.136574 0.2489194 0.02550104 0.2231216 1.499298 0.4890668 0
2 0 1.122219 0.6540126 -0.3344859 -0.6487945 0.3183393 1.422431 2.533721 0
2 0 -0.8907731 0.3465347 0.17015 1.361461 0.620094 -0.2941027 1.313364 0
2 0 -1.392463 1.132369 0.4893152 0.1588155 1.217028 -0.4575127 1.147551 0
2 0 1.406109 0.7859946 0.7747505 2.025872 0.1222931 1.821683 6.936702 0
2 0 -0.4676564 1.096865 2.146072 0.9061402 2.012647 2.14846 7.842528 0
2 0 0.799904 -0.4257643 0.5070541 -0.5362936 2.121647 1.412992 3.87954 0
2 0 -1.23791 -2.847276 -0.8361942 -2.64369 -2.326793 -2.511045 -12.40291 0
2 0 -0.3771694 -0.002175363 1.225365 -0.1829729 0.8809736 0.4587887 2.00281 0
2 0 0.5421899 0.04728432 0.4971102 2.13056 1.815479 2.488908 7.521532 0
2 0 0.6120024 0.9479448 -0.9232654 -0.9387593 0.9443097 -0.04829796 0.5939342 0
2 0 -0.9259337 -0.4117616 0.2736662 -0.2906323 0.5467764 0.02708814 -0.7807969 0
2 0 -1.349785 -0.9270201 0.1083548 -1.786155 -1.573266 -0.8740082 -6.401879 0
2 0 -0.4733714 0.6775132 -0.403649 1.262 -1.362883 0.9767796 0.6763892 0
2 0 -1.192169 -0.7540014 -0.8741093 -0.1799217 0.1442122 -0.9147831 -3.770773 0
2 0 0.3744747 0.8015877 -0.344983 0.803914 -1.052849 0.4911127 1.073257 0
2 0 0.7054648 -0.9070344 1.594675 1.04548 0.8300482 2.457612 5.726246 0
2 0 -1.515544 -1.652825 -1.275916 -0.8031669 -0.5013467 -0.8939998 -6.642799 0
2 0 -0.2136419 -0.2523215 0.4923674 -0.6978864 -1.930512 1.725114 -0.8768805 0
2 0 0.2681179 -1.196342 -0.2921858 -1.559642 -1.087202 -0.5093254 -4.376579 0
2 0 -0.6820063 -1.020803 0.5972351 -1.166977 -0.8168084 0.175509 -2.913851 0
2 0 -1.258879 -1.065866 -0.552654 -0.07685919 -0.923841 -1.79997 -5.678069 0
2 0 -0.009187425 0.3123134 1.379201 0.09954011 1.537982 -0.358786 2.961063 0
2 0 -1.173278 -0.01639099 -0.6346831 -1.441063 -0.9911248 -0.9931104 -5.249651 0
2 0 -0.3506888 -1.117367 0.5128162 0.3283421 1.379366 1.718023 2.470492 0
2 0 -0.4195531 -0.035357 0.9760893 0.3447972 1.029868 0.6035473 2.499392 0
2 0 1.229614 -0.652789 0.6774996 1.303799 0.7614983 -0.2734633 3.046159 0
2 0 0.1506183 -0.1531412 -0.2482019 -0.1089629 0.1062309 0.2485021 -0.004954669 0
2 0 -2.166605 -0.02662893 -0.192056 -1.410625 -1.432714 -1.675366 -6.903996 0
2 0 -0.2238676 0.2597002 -0.3101064 -0.3644581 0.5200975 0.7942055 0.6755711 0
2 0 1.303693 0.147678 -0.437882 0.1362593 -0.4899671 -0.5031302 0.1566512 0
2 0 0.160252 -0.2547826 -0.6565875 0.5146314 0.3184561 1.128849 1.210818 0
2 0 -0.08869318 0.1322621 0.0577288 -0.95374 -0.7255011 -0.9688486 -2.546792 0
2 0 0.7904867 0.1758485 0.5362897 -0.5375867 -0.4986962 -0.01909946 0.4472425 0
2 0 1.056551 2.31622 0.8625916 2.307484 2.631663 3.530605 12.70512 0
2 0 -0.5053 0.4500425 -0.2344182 -1.126883 -0.7758136 -1.129928 -3.3223 0
2 0 -0.168929 0.3952628 -0.6049322 0.7288164 -0.4107541 -1.057737 -1.118273 0
2 0 -0.05009846 -0.2985584 -0.9789911 -0.8424083 1.090078 0.8212293 -0.2587491 0
2 0 0.6814265 1.05557 1.973175 0.3056391 -0.9732012 1.015809 4.058418 0
2 0 0.04277505 1.329293 0.2456801 1.725254 2.430661 1.201789 6.975452 0
2 0 0.3475316 -0.1006449 -0.6367877 -1.625449 -1.609226 -1.720551 -5.345128 0
2 0 -0.5549702 -0.06254202 0.5604509 -1.35256 -0.8689311 -2.24625 -4.524803 0
2 0 0.8764104 1.096795 -0.5378242 0.3435913 1.164953 1.510913 4.454839 0
2 0 0.3114305 0.08347544 0.07776352 0.04766686 0.5862803 -1.4187 -0.3120836 0
2 0 0.7605815 -0.3850395 -0.08250024 -0.01041602 -0.4049167 -1.400001 -1.522292 0
2 0 0.2200673 0.4691399 -1.099443 1.032936 -1.602406 0.8247349 -0.1549704 0
2 0 -1.288103 1.057594 2.138141 -1.988219 -1.349992 -0.5781905 -2.008769 0
2 0 1.036161 0.5277515 1.006289 -0.7857052 1.101974 0.509477 3.395947 0
2 0 0.988974 1.144404 0.4651972 1.964394 1.527092 0.9992805 7.089341 0
2 0 -0.09043729 -0.01857302 -0.4914362 0.2480423 0.6210386 1.851306 2.11994 0
2 0 0.6431333 -1.209454 -1.499139 0.1559361 -1.608045 -1.999688 -5.517257 0
2 0 -0.8853157 -0.1441663 -1.5763 -0.2070622 0.2657048 1.118342 -1.428797 0
2 0 -0.1224803 -0.8869439 -0.2367063 0.4847534 -0.3851417 -0.144131 -1.29065 0
2 0 -1.005516 0.1190051 -0.3572261 -0.1796473 -0.5477743 0.06899043 -1.902168 0
2 0 1.544509 0.1473407 -0.4366337 -0.04823656 0.4439171 -0.06551103 1.585386 0
2 0 -0.4206988 -0.2980699 0.5471727 -1.072301 -1.591577 -0.1105059 -2.945981 0
2 0 -0.1448651 1.332377 -0.4961942 0.01225942 -0.627899 0.8865798 0.962258 0
2 1 0.8603395 0.2292739 -0.07381367 0.877026 -0.617604 0.3031032 1.578325 1
2 1 1.144476 0.3805693 0.9131848 0.9445391 1.045455 1.881959 6.310183 1
2 1 1.99386 -0.2552468 0.04557331 2.159687 0.8763745 1.504429 6.324678 1
2 1 0.8034251 0.5584824 -1.063824 1.594702 1.906473 -0.7567947 3.042464 1
2 1 -0.4835778 0.08094463 -0.5644133 -1.556375 -0.8398727 -1.526581 -4.889875 1
2 1 1.509468 -0.7399895 1.111529 0.6270184 2.576043 -0.6971563 4.386913 1
2 1 -1.945546 0.3663342 -0.8048926 -1.748732 -0.2927723 0.5037195 -3.921889 1
2 1 -1.601714 -1.592826 -0.8865514 0.007405273 -1.910976 -1.906107 -7.890769 1
2 1 0.734635 -0.2809394 1.276535 0.1063964 -0.3095533 1.312644 2.839718 1
2 1 -0.8040274 -0.04110407 -0.4458693 -1.291747 -0.5020669 0.02500799 -3.059806 1
2 1 -0.002543915 1.408963 0.461494 0.6427805 0.9844824 1.476224 4.9714 1
2 1 0.2641292 -1.385731 -1.165514 0.1383009 -0.1012876 0.9726416 -1.277461 1
2 1 0.3489446 -0.4049026 -0.2016615 2.218599 1.207253 1.41487 4.583103 1
2 1 0.8080018 0.5924681 -1.397425 -0.1934487 1.853871 0.3880685 2.051535 1
2 1 -0.4808836 0.1925861 0.9542749 1.181792 0.2013646 2.109923 4.159057 1
2 1 0.5567217 -1.529843 -0.2789625 -1.151662 -0.07092868 -1.348513 -3.823187 1
2 1 -0.2679899 -0.3132551 -0.7664704 1.349221 0.6563842 1.073335 1.731224 1
2 1 -0.8345834 0.4280719 0.4412843 -0.16879 -0.6705356 -0.2693017 -1.073855 1
2 1 -0.4048353 -0.9597267 -0.7460764 -0.2737666 0.5180777 -1.229524 -3.095851 1
2 1 0.5093867 0.6358914 0.3421492 -0.4032177 0.326431 -0.5421012 0.8685394 1
2 1 -0.3687014 1.146054 0.54857 0.8382391 0.9339772 -1.018678 2.079461 1
2 1 -0.1391843 -0.6131911 -0.3279387 -0.753 -0.2243668 -1.069683 -3.127364 1
2 1 -0.5092901 0.6527191 -0.7402605 -1.051303 -0.9147681 -2.24823 -4.811133 1
2 1 -0.7613996 -0.3279917 0.8664324 -0.3080705 0.7375591 -0.8912136 -0.6846839 1
2 1 1.802103 1.37154 0.7802664 -0.07174348 -0.08969505 0.4046627 4.197133 1
2 1 0.3556029 -0.3855127 0.1714689 0.896951 1.301408 0.4059457 2.745863 1
2 1 -0.5171547 -0.4334891 0.3876225 2.027999 0.5179715 -0.4686675 1.514282 1
2 1 1.984887 -0.1640698 0.279384 0.0938509 1.377081 2.039031 5.610164 1
2 1 0.6712921 1.460841 0.08788574 -1.50816 -0.5074608 -1.947099 -1.742701 1
2 1 -0.00514415 -1.355073 0.9399509 -1.854394 0.2346347 0.783573 -1.256453 1
2 1 -0.03590087 -0.61923 0.499615 -0.1304772 0.9198349 0.3830851 1.016927 1
2 1 -1.544953 -1.450711 1.254759 0.5701991 1.621213 0.6497146 1.100222 1
2 1 -0.6853494 -0.4341541 -0.05194503 -1.652462 -1.075046 -1.121875 -5.020832 1
2 1 0.2796503 0.7011232 1.660337 0.5101258 0.7259782 0.8585288 4.735743 1
2 1 -0.4969279 0.04818026 -0.2352359 0.005628076 -0.6479321 -0.2353807 -1.561668 1
2 1 1.571344 -0.5189959 0.4543858 0.624148 -0.3289123 1.021582 2.823551 1
2 1 0.04452054 0.05202242 -0.3020836 1.563664 0.5150915 0.5274484 2.400664 1
2 1 0.6840836 1.399969 0.3490436 -0.8625414 1.078926 0.1721293 2.821609 1
2 1 0.1397796 -1.29374 0.1931655 -0.4959055 -1.530963 -0.8272133 -3.814877 1
2 1 -0.1615142 0.8902597 -0.3252038 0.2634834 0.2070782 -0.4705157 0.4035876 1
2 1 -0.113955 0.07223166 -0.04905411 0.105014 0.002807521 0.1526181 0.1696622 1
2 1 1.237553 0.1980272 -1.254319 -0.7453505 0.5432659 -0.4667795 -0.4876024 1
2 1 -0.6746419 -1.452784 0.4370215 -0.1883258 -1.26982 -0.02327776 -3.171828 1
2 1 0.5723344 1.023641 0.1653889 1.838982 2.077608 1.861705 7.539659 1
2 1 -0.5536116 -0.2315923 1.284103 -1.439986 -0.2960077 0.4458336 -0.7912602 1
2 1 0.3785457 1.428253 0.3121023 2.375846 2.006278 1.783676 8.284701 1
2 1 0.08788441 -0.2097347 -1.747177 0.9653416 -0.4900318 -1.679404 -3.073121 1
2 1 0.8724571 0.7354034 0.2613405 1.296146 0.3771089 -0.9017013 2.640755 1
2 1 -0.2685329 -0.4453788 1.570314 0.7675248 0.4145147 0.292178 2.33062 1
2 1 -0.5323376 -0.6479986 -0.9878906 -4.261886 -2.034771 -2.111263 -10.57615 1
2 1 -0.5190932 -0.02542316 0.596379 -0.07072212 -1.470916 -1.147044 -2.636819 1
2 1 0.4957401 -0.8254472 0.1509941 2.786517 1.151614 0.7158457 4.475264 1
2 1 -1.218867 0.9128955 1.76769 1.71942 1.267631 1.146934 5.595704 1
2 1 -0.268746 1.915276 0.1667686 1.203428 0.4394304 1.515524 4.97168 1
2 1 -0.982009 -0.09517536 -0.2627406 -1.044329 -1.187813 -1.375812 -4.947878 1
2 1 0.2868386 -0.9428408 1.62767 -0.3793834 0.852253 0.7544297 2.198967 1
2 1 -0.7180966 -0.4976033 -1.143653 -0.5728328 -0.3487014 -0.0400351 -3.320922 1
2 1 1.86156 -0.1820163 1.690036 1.154382 1.060178 2.528581 8.112722 1
2 1 -1.720861 -1.316494 -0.5358289 -0.2479708 -3.224232 -2.331687 -9.377074 1
2 1 -0.06348691 -0.09357254 -0.1234985 0.587376 0.4183184 2.147712 2.872848 1
2 1 -1.394966 0.512799 0.2055915 -0.3733895 -0.2421268 -0.2835281 -1.57562 1
2 1 -0.615721 0.4157936 -0.1179372 -0.03738945 0.8736024 -0.8320655 -0.3137172 1
2 1 0.6780461 -0.8967744 -0.1940689 -0.6022693 -0.3779873 0.8007382 -0.5923155 1
2 1 -1.154476 0.6687835 -0.5175184 0.4599387 1.040279 0.1282989 0.6253059 1
2 1 1.066845 -1.147072 1.903509 -1.314334 -1.194511 -2.253041 -2.938603 1
2 1 0.1680095 -0.8323317 -0.9508603 -0.9454922 -1.272137 -2.110709 -5.943521 1
2 1 0.7211524 0.1320698 -0.7956484 1.587744 -0.05933194 1.101252 2.687238 1
2 1 -1.530937 -1.695955 -0.9219534 -0.6162207 -2.123154 -1.805191 -8.693411 1
2 1 0.4463505 0.665608 0.7814786 1.004143 0.777306 2.531681 6.206567 1
2 1 0.456117 0.5196357 1.862798 0.2505404 -1.498393 -0.1910755 1.399623 1
2 1 -0.4630224 -0.3897578 0.233317 -0.1523477 -1.742118 -0.5148433 -3.028772 1
2 1 -0.2494991 -1.104641 -0.7819928 -1.826566 -0.579458 -1.6493 -6.191457 1
2 1 0.4408527 -0.305906 0.8602474 2.318785 3.475812 2.480178 9.269969 1
2 1 -0.324853 0.3648281 -0.782112 0.4540325 0.8249377 0.7475901 1.284423 1
2 1 -0.1047813 -0.6641936 0.5994182 -0.6324994 -1.184031 -2.974436 -4.960523 1
2 1 1.378574 0.8349439 -0.4774304 2.833646 0.7291147 1.009487 6.308336 1
2 1 0.9047123 0.5999116 0.1076112 1.883012 2.407427 0.9633835 6.866057 1
2 1 1.152457 -0.03074666 -0.1181145 1.421324 1.049978 0.3928181 3.867716 1
2 1 0.5055344 -0.1753577 -0.5609069 -0.04090026 -0.1202269 0.4837343 0.09187698 1
2 1 0.1045172 0.5770042 2.075441 2.102148 0.4127728 0.2676768 5.53956 1
2 1 0.7036317 0.2100418 -0.1490552 0.1521959 1.19902 1.382526 3.49836 1
2 1 2.28315 0.1165213 -0.911715 1.152896 -1.684508 1.978856 2.935201 1
2 1 0.1664204 0.6369077 0.06449474 0.8880311 0.01164219 -0.4344665 1.33303 1
2 1 -0.08053828 -0.5261964 -0.6639093 -0.3642031 0.1379488 -0.1614044 -1.658303 1
2 1 -0.3138805 0.1995793 1.327582 0.2802802 1.652336 0.687656 3.833552 1
2 1 0.869216 -0.7250417 0.9243678 0.6637631 -1.315689 0.9460217 1.362638 1
2 1 0.303215 0.9805478 -0.07024186 -0.6710764 -0.473446 0.3327999 0.4017985 1
2 1 1.337058 0.103168 0.1066967 -1.014253 -1.968921 -0.6861765 -2.122429 1
2 1 -0.2337926 0.3959679 -0.4120716 -1.799684 -3.225483 -3.347124 -8.622187 1
2 1 0.6633581 0.9822768 0.9003859 -1.151112 -1.354646 -0.2605635 -0.2203014 1
2 1 0.2968091 -1.063039 1.479169 0.5263732 0.8513486 -0.7494064 1.341254 1
2 1 -0.1103538 0.2380919 0.6771573 -2.20706 -1.366513 -0.5205286 -3.289206 1
2 1 -0.1070685 -0.4015438 0.514691 -0.02422712 0.7436478 -0.1415207 0.5839787 1
2 1 1.231897 -0.01196557 -0.4861795 2.108003 0.06383887 0.4133165 3.31891 1
2 1 -0.3234191 -1.058475 -0.7075853 -1.768164 0.565852 -1.390582 -4.682373 1
2 1 -0.6493447 0.2261366 -1.423793 -0.8665398 -0.3236255 -0.3880518 -3.425218 1
2 1 -0.3935891 -0.5490576 0.1187448 0.1164858 -0.9362318 -1.352763 -2.996411 1
2 1 1.385882 -0.3631457 0.3170783 0.3737288 -0.7513462 -0.4445956 0.517602 1
2 1 0.3507993 -0.6849967 0.9087633 0.942099 0.6843735 0.947094 3.148132 1
2 1 0.5034123 -0.7734618 -1.280712 -0.3216606 0.05589196 -0.8829837 -2.699513 1
2 1 0.5558107 0.4824967 0.470321 -0.06879319 1.740491 0.4007511 3.581077 1
2 1 -0.7383549 -0.5415497 -1.585749 -0.03332187 -1.540387 1.008328 -3.431035 1
2 1 -0.2418353 -0.8406612 0.275858 -0.4099054 -0.7184785 0.1595441 -1.775478 1
2 1 0.8265172 1.768935 0.07589643 1.322264 0.9505614 0.3704153 5.31459 1
2 1 -1.900988 0.5231996 0.3873169 0.2649525 0.4500272 0.02967636 -0.2458152 1
2 1 0.391206 0.7583096 0.249868 0.341771 -0.7914188 0.4092854 1.359021 1
2 1 1.134331 0.3277813 -0.03120996 -0.4106377 0.6149612 0.9602833 2.595509 1
2 1 -1.422432 -0.1805643 -0.4201083 0.2788699 -0.8033146 -0.2281893 -2.775739 1
2 1 0.4571401 0.2764213 0.1255952 -0.2395166 1.290519 1.55097 3.461128 1
2 1 0.84497 -0.4447631 -0.5892741 2.845034 2.091711 1.996333 6.744011 1
2 1 -0.02851086 0.716797 0.1517023 0.669638 2.713168 0.7202487 4.943043 1
2 1 0.7634668 -0.7655528 -0.1941327 -2.15391 -0.3758006 -1.165221 -3.89115 1
2 1 0.3462165 0.842964 0.7478612 1.826418 1.806246 1.690172 7.259877 1
2 1 0.1529371 1.21027 -1.30891 -0.3035147 0.2526563 -0.2025462 -0.1991079 1
2 1 -0.4759385 -0.0898298 -0.2210836 -1.783716 -1.406603 -0.4690008 -4.446172 1
2 1 0.1800818 -0.07093794 0.09803758 0.0409965 -0.5514841 0.1543858 -0.1489204 1
2 1 -0.3486073 1.44733 1.017415 1.814065 1.474483 1.712144 7.11683 1
2 1 -0.8654478 0.4907396 -0.1844136 0.3493452 1.326954 0.9482642 2.065442 1
2 1 -0.3569537 0.8371995 0.7417437 1.146937 0.9361777 -0.04393581 3.261168 1
2 1 0.4500753 0.6464222 0.3899039 0.7073503 1.067053 0.8443125 4.105117 1
2 1 0.1914836 -0.4735556 0.3165788 -0.8333571 -0.5085767 -0.0600156 -1.367443 1
2 1 -0.6028754 -0.2369684 0.1261627 0.4974179 1.143407 2.031944 2.959089 1
2 1 0.6965221 0.2439411 -0.2244542 -1.203848 -1.139769 0.04498114 -1.582627 1
2 1 -1.143183 0.3752091 -0.1913583 0.7801371 -0.775537 1.963846 1.009114 1
2 1 -1.439472 1.514948 0.6152638 0.1392234 1.531114 2.328582 4.68966 1
2 1 0.9848018 -0.6787967 -1.016428 0.3581984 0.5512504 0.3578085 0.5568349 1
2 1 -1.317692 -1.489562 -0.3503659 -1.444258 -0.6466312 -1.632764 -6.881273 1
2 1 -0.2524741 1.761863 1.058846 1.26358 0.3231813 0.9111145 5.066111 1
2 1 0.4244245 1.017751 -1.059045 -1.085511 -1.280322 1.146735 -0.8359678 1
2 1 -0.3982081 -0.1188593 -0.9145433 -1.161868 -1.018094 -0.02439691 -3.635969 1
2 1 -0.05375152 -0.699494 -0.0496959 -0.8541833 -0.008550471 0.239147 -1.426528 1
2 1 -0.8778218 -1.133367 1.017402 1.293362 0.7380789 -0.01351404 1.02414 1
2 1 0.4019183 1.064973 0.03441669 -0.1328905 1.681417 0.5413203 3.591155 1
2 1 -1.310417 0.8915504 -1.182992 -0.9455843 -1.570612 -1.131562 -5.249617 1
2 1 0.6868942 -0.0386784 0.03691645 0.4298287 2.048258 0.6399989 3.803218 1
2 1 -0.03961016 -0.2500091 -1.324696 -2.12473 -0.655429 -1.623355 -6.01783 1
2 1 -0.9227819 -0.273007 -0.8034306 -1.529009 -2.025346 -1.916115 -7.469689 1
2 1 -0.5165836 -1.736457 -0.5236362 -0.5214182 -0.8034379 0.5195172 -3.582015 1
2 1 -0.07911029 1.595072 0.1830949 0.9170881 0.3718998 0.9933665 3.981411 1
2 1 -0.2164611 -0.00306987 -0.9853916 1.88036 0.7702459 1.144248 2.589931 1
2 1 0.09177127 -0.04651702 0.2018516 0.7762541 0.4789101 0.5532159 2.055486 1
2 1 1.247286 1.684461 2.594477 2.175894 2.828073 0.9704366 11.50063 1
2 1 -1.068215 0.7977647 0.4067889 0.562104 -0.0839786 0.6025042 1.216968 1
2 1 0.1949101 -0.3592536 0.48585 -0.1432206 0.6840937 1.06116 1.92354 1
2 1 0.3821883 1.196682 -0.7460116 0.141337 -0.4533179 0.04093205 0.5618095 1
2 1 0.03587103 1.01579 -0.160641 1.262365 -0.2852627 -0.8117724 1.05635 1
2 1 -0.3212684 -0.7396224 -0.6474141 -0.2904144 0.3225215 -0.3192834 -1.995481 1
2 1 0.2692768 1.653081 -1.314203 -0.53006 0.4319225 -1.065287 -0.5552695 1
2 1 -0.3320179 -1.063557 -1.263632 -0.9244688 1.29409 1.110232 -1.179354 1
2 1 -1.284948 0.7315076 0.668519 -0.1735259 -1.023237 0.6130436 -0.4686409 1
